/*--------------------------------*- C++ -*----------------------------------*\
  =========                 |
  \\      /  F ield         | OpenFOAM: The Open Source CFD Toolbox
   \\    /   O peration     | Website:  https://openfoam.org
    \\  /    A nd           | Version:  13
     \\/     M anipulation  |
\*---------------------------------------------------------------------------*/
FoamFile
{
    format      ascii;
    class       cellZoneList;
    location    "constant/polyMesh";
    object      cellZones;
}
// * * * * * * * * * * * * * * * * * * * * * * * * * * * * * * * * * * * * * //

1
(
upstreamTailZone
{
cellLabels      List<label> 
1279
(
57253
57260
57280
57285
63427
63434
63452
63457
63466
63467
63468
63469
63470
63471
63474
63475
63476
63477
63478
63491
63492
63493
63494
63495
63498
63499
63500
63501
63502
63509
63510
63518
63534
63536
63878
63880
63881
63882
63889
63890
63891
63892
63909
63910
63911
63912
63913
63914
63915
63916
69874
69881
69899
69904
69913
69914
69915
69916
69917
69920
69921
69922
69923
69924
69935
69936
69937
69938
69939
69942
69943
69944
69945
69946
69953
69954
69955
69956
69957
69959
69960
69961
69962
69963
69964
69965
69966
69968
69969
69970
69971
69972
69973
69980
69981
69982
69983
69985
69986
69987
69988
69989
69990
69991
69992
69994
69995
69996
69997
70002
70003
70004
70005
70007
70010
70011
70012
70013
70039
70040
70041
70056
70057
70058
70413
70414
70415
70422
70423
70432
70433
70434
70435
70448
76670
76677
76695
76700
76709
76710
76711
76712
76713
76716
76717
76718
76719
76720
76731
76732
76733
76734
76735
76738
76739
76740
76741
76742
76749
76750
76752
76753
76754
76755
76756
76757
76758
76759
76761
76762
76763
76764
76765
76766
76771
76772
76773
76774
76776
76777
76778
76779
76780
76781
76782
76783
76785
76786
76787
76788
76793
76795
76796
76797
76798
76802
76804
76805
76806
76807
76809
76813
76814
76815
76816
76817
76821
76825
76827
76828
76829
76830
76832
76836
76837
76838
76839
76840
76842
76843
76844
76845
76846
76848
76851
76852
76853
76854
76880
76882
76883
76884
76887
76888
77253
77254
77255
77262
77263
77272
77273
77274
77275
77285
83819
83826
83844
83849
83858
83859
83860
83861
83862
83865
83866
83867
83868
83869
83880
83881
83882
83883
83884
83887
83888
83889
83890
83891
83898
83899
83901
83902
83903
83904
83905
83906
83907
83908
83910
83911
83912
83913
83914
83915
83920
83921
83922
83923
83925
83926
83927
83928
83929
83930
83931
83932
83934
83935
83936
83937
83942
83946
83948
83949
83950
83951
83953
83957
83958
83959
83960
83961
83963
83967
83969
83970
83971
83972
83974
83978
83979
83980
83981
83982
83986
83988
83989
83990
84000
84002
84009
84010
84020
84022
84029
84030
84034
84035
84036
84038
84043
84045
84074
84075
84078
84079
84086
84087
84456
84457
84458
84465
84466
84484
91238
91245
91263
91268
91277
91278
91279
91280
91281
91284
91285
91286
91287
91288
91299
91300
91301
91302
91303
91306
91307
91308
91309
91310
91317
91318
91320
91321
91322
91323
91324
91325
91326
91327
91329
91330
91331
91332
91333
91334
91339
91340
91341
91342
91344
91345
91346
91347
91348
91349
91350
91351
91353
91354
91355
91356
91361
91365
91367
91368
91369
91370
91372
91376
91377
91378
91379
91380
91382
91386
91388
91389
91390
91391
91393
91397
91398
91399
91400
91401
91409
91411
91418
91419
91429
91431
91438
91439
91444
91446
91475
91484
91510
91511
91514
91515
91866
91875
91876
91898
98957
98964
98982
98987
98996
98997
98998
98999
99000
99003
99004
99005
99006
99007
99018
99019
99020
99021
99022
99025
99026
99027
99028
99029
99036
99037
99039
99040
99041
99042
99043
99044
99045
99046
99048
99049
99050
99051
99052
99053
99058
99059
99060
99061
99063
99064
99065
99066
99067
99068
99069
99070
99072
99073
99074
99075
99080
99084
99086
99087
99088
99089
99091
99095
99096
99097
99098
99099
99101
99105
99107
99108
99109
99110
99112
99116
99117
99118
99119
99120
99128
99130
99137
99138
99148
99150
99157
99158
99218
99566
106960
106967
106985
106990
106999
107000
107001
107002
107003
107006
107007
107008
107009
107010
107021
107022
107023
107024
107025
107028
107029
107030
107031
107032
107039
107040
107042
107043
107044
107045
107046
107047
107048
107049
107051
107052
107053
107054
107055
107056
107061
107062
107063
107064
107066
107067
107068
107069
107070
107071
107072
107073
107075
107076
107077
107078
107083
107087
107089
107090
107091
107092
107094
107098
107099
107100
107101
107102
107104
107108
107110
107111
107112
107113
107115
107119
107120
107121
107122
107123
107131
107133
107140
107141
107151
107153
107160
107161
115231
115238
115256
115261
115270
115271
115272
115273
115274
115277
115278
115279
115280
115281
115292
115293
115294
115295
115296
115299
115300
115301
115302
115303
115310
115311
115313
115314
115315
115316
115317
115318
115319
115320
115322
115323
115324
115325
115326
115327
115333
115334
115335
115336
115338
115339
115340
115341
115342
115343
115344
115345
115347
115348
115349
115350
115357
115361
115363
115364
115365
115366
115368
115372
115373
115374
115375
115376
115378
115382
115384
115385
115386
115387
115389
115393
115394
115395
115396
115397
115405
115407
115414
115415
115425
115427
115434
115435
123687
123694
123712
123717
123726
123727
123728
123729
123730
123733
123734
123735
123736
123737
123748
123749
123750
123751
123752
123755
123756
123757
123758
123759
123766
123767
123769
123770
123771
123772
123773
123774
123775
123776
123778
123779
123780
123781
123782
123783
123790
123791
123792
123793
123795
123796
123797
123798
123799
123800
123801
123802
123804
123805
123806
123807
123814
123818
123820
123821
123822
123823
123825
123829
123830
123831
123832
123833
123835
123839
123841
123842
123843
123844
123846
123850
123851
123852
123853
123854
123863
123865
123872
123873
123883
123885
123892
123893
132100
132107
132125
132130
132139
132140
132141
132142
132143
132146
132147
132148
132149
132150
132161
132162
132163
132164
132165
132168
132169
132170
132171
132172
132179
132180
132182
132183
132184
132185
132186
132187
132188
132189
132191
132192
132193
132194
132195
132196
132201
132202
132203
132204
132206
132207
132208
132209
132210
132211
132212
132213
132215
132216
132217
132218
132223
132227
132229
132230
132231
132232
132234
132238
132239
132240
132241
132242
132245
132249
132251
132252
132253
132254
132256
132260
132261
132262
132263
132264
132273
132275
132282
132283
132293
132295
132302
132303
140366
140373
140393
140399
140414
140415
140416
140417
140418
140421
140422
140423
140424
140425
140436
140437
140438
140439
140440
140443
140444
140445
140446
140447
140454
140455
140457
140458
140459
140460
140461
140462
140463
140464
140466
140467
140468
140469
140470
140471
140476
140477
140478
140479
140481
140482
140483
140484
140485
140486
140487
140488
140490
140491
140492
140493
140498
140502
140504
140505
140506
140507
140509
140513
140514
140515
140516
140517
140519
140523
140525
140526
140527
140528
140530
140534
140535
140536
140537
140538
140546
140548
140555
140556
140569
140571
140578
140579
148617
148618
148619
148620
148621
148624
148625
148626
148627
148628
148644
148647
148648
148649
148650
148651
148654
148655
148656
148657
148658
148671
148672
148674
148675
148676
148677
148678
148679
148680
148681
148683
148684
148685
148686
148687
148688
148693
148694
148695
148696
148698
148699
148700
148701
148702
148703
148704
148705
148707
148708
148709
148710
148715
148719
148721
148722
148723
148724
148726
148730
148731
148732
148733
148734
148736
148740
148742
148743
148744
148745
148747
148751
148752
148753
148754
148755
148763
148765
148772
148773
148783
148785
148792
148793
156537
156538
156540
156541
156542
156543
156544
156545
156546
156547
156549
156550
156551
156552
156553
156554
156561
156562
156563
156568
156569
156570
156571
156572
156573
156574
156576
156577
156578
156579
156580
156581
156582
156583
156585
156586
156587
156588
156605
156609
156611
156612
156613
156614
156616
156620
156621
156622
156623
156624
156626
156630
156632
156633
156634
156635
156637
156641
156642
156643
156644
156645
156653
156655
156662
156663
156673
156675
156682
156683
164227
164231
164233
164234
164235
164236
164238
164242
164243
164244
164245
164246
164248
164249
164250
164251
164252
164253
164254
164255
164256
164259
164260
164262
164263
164264
164265
164266
164270
164272
164273
164274
164275
164277
164281
164282
164283
164284
164285
164310
164312
164319
164320
164330
164332
164339
164340
164568
164569
164599
164600
164603
164604
164605
164606
164607
164608
171746
171747
171752
171790
171792
171799
171800
171804
171805
171806
171807
171808
171810
171811
171812
171813
171816
171818
171822
171824
171825
171826
171827
171838
171840
171847
171848
172094
172095
172096
172098
172099
172100
172101
172102
172103
179303
179304
179305
179348
179349
179350
179355
179356
179357
179360
179361
179362
179363
179364
179370
179372
179589
179590
179591
179592
179593
179594
179595
186891
186892
186928
186929
186930
186931
186935
186936
186938
187113
187114
187115
187116
187117
194417
194443
194444
194446
194581
194582
194583
194584
194585
201865
)
;
}
)

// ************************************************************************* //
