/*--------------------------------*- C++ -*----------------------------------*\
  =========                 |
  \\      /  F ield         | OpenFOAM: The Open Source CFD Toolbox
   \\    /   O peration     | Website:  https://openfoam.org
    \\  /    A nd           | Version:  12
     \\/     M anipulation  |
\*---------------------------------------------------------------------------*/
FoamFile
{
    format      ascii;
    class       faceList;
    location    "constant/polyMesh";
    object      faces;
}
// * * * * * * * * * * * * * * * * * * * * * * * * * * * * * * * * * * * * * //


4224
(
4(198 202 218 214)
4(84 83 218 202)
4(82 214 218 83)
4(81 82 83 84)
4(199 203 219 215)
4(202 218 219 203)
4(214 215 219 218)
4(202 206 222 218)
4(135 136 222 206)
4(83 218 222 136)
4(135 84 83 136)
4(214 218 234 230)
4(83 86 234 218)
4(85 230 234 86)
4(82 85 86 83)
4(200 204 220 216)
4(203 219 220 204)
4(215 216 220 219)
4(203 207 223 219)
4(206 222 223 207)
4(218 219 223 222)
4(215 219 235 231)
4(218 234 235 219)
4(230 231 235 234)
4(206 210 226 222)
4(133 134 226 210)
4(136 222 226 134)
4(133 135 136 134)
4(218 222 238 234)
4(136 137 238 222)
4(86 234 238 137)
4(83 86 137 136)
4(230 234 250 246)
4(86 88 250 234)
4(87 246 250 88)
4(85 87 88 86)
4(201 205 221 217)
4(204 220 221 205)
4(216 217 221 220)
4(204 208 224 220)
4(207 223 224 208)
4(219 220 224 223)
4(216 220 236 232)
4(219 235 236 220)
4(231 232 236 235)
4(207 211 227 223)
4(210 226 227 211)
4(222 223 227 226)
4(219 223 239 235)
4(222 238 239 223)
4(234 235 239 238)
4(231 235 251 247)
4(234 250 251 235)
4(246 247 251 250)
4(210 181 182 226)
4(134 226 182 132)
4(181 131 132 182)
4(131 133 134 132)
4(222 226 242 238)
4(134 152 242 226)
4(137 238 242 152)
4(134 136 137 152)
4(234 238 254 250)
4(137 138 254 238)
4(88 250 254 138)
4(86 88 138 137)
4(246 250 266 262)
4(88 90 266 250)
4(89 262 266 90)
4(87 89 90 88)
4(205 221 2 1)
4(217 3 2 221)
4(0 1 2 3)
4(205 209 225 221)
4(208 224 225 209)
4(220 221 225 224)
4(217 221 237 233)
4(220 236 237 221)
4(232 233 237 236)
4(208 212 228 224)
4(211 227 228 212)
4(223 224 228 227)
4(220 224 240 236)
4(223 239 240 224)
4(235 236 240 239)
4(232 236 252 248)
4(235 251 252 236)
4(247 248 252 251)
4(211 179 180 227)
4(226 227 180 182)
4(179 181 182 180)
4(223 227 243 239)
4(226 242 243 227)
4(238 239 243 242)
4(235 239 255 251)
4(238 254 255 239)
4(250 251 255 254)
4(247 251 267 263)
4(250 266 267 251)
4(262 263 267 266)
4(226 182 191 242)
4(152 242 191 151)
4(182 132 151 191)
4(132 134 152 151)
4(181 342 358 182)
4(132 182 358 130)
4(129 130 358 342)
4(129 131 132 130)
4(238 242 258 254)
4(152 153 258 242)
4(138 254 258 153)
4(137 138 153 152)
4(250 254 270 266)
4(138 139 270 254)
4(90 266 270 139)
4(88 90 139 138)
4(262 266 282 278)
4(90 92 282 266)
4(91 278 282 92)
4(89 91 92 90)
4(209 225 5 4)
4(221 2 5 225)
4(1 4 5 2)
4(221 237 55 2)
4(233 54 55 237)
4(54 3 2 55)
4(209 213 229 225)
4(212 228 229 213)
4(224 225 229 228)
4(221 225 241 237)
4(224 240 241 225)
4(236 237 241 240)
4(233 237 253 249)
4(236 252 253 237)
4(248 249 253 252)
4(212 177 178 228)
4(227 228 178 180)
4(177 179 180 178)
4(224 228 244 240)
4(227 243 244 228)
4(239 240 244 243)
4(236 240 256 252)
4(239 255 256 240)
4(251 252 256 255)
4(248 252 268 264)
4(251 267 268 252)
4(263 264 268 267)
4(227 180 190 243)
4(242 243 190 191)
4(180 182 191 190)
4(179 343 359 180)
4(182 180 359 358)
4(342 358 359 343)
4(239 243 259 255)
4(242 258 259 243)
4(254 255 259 258)
4(251 255 271 267)
4(254 270 271 255)
4(266 267 271 270)
4(263 267 283 279)
4(266 282 283 267)
4(278 279 283 282)
4(242 191 196 258)
4(153 258 196 160)
4(191 151 160 196)
4(151 152 153 160)
4(182 358 374 191)
4(151 191 374 150)
4(130 150 374 358)
4(130 132 151 150)
4(342 346 362 358)
4(130 358 362 128)
4(127 128 362 346)
4(127 129 130 128)
4(254 258 274 270)
4(153 154 274 258)
4(139 270 274 154)
4(138 139 154 153)
4(266 270 286 282)
4(139 140 286 270)
4(92 282 286 140)
4(90 92 140 139)
4(278 282 298 294)
4(92 94 298 282)
4(93 294 298 94)
4(91 93 94 92)
4(213 229 7 6)
4(225 5 7 229)
4(4 6 7 5)
4(225 241 56 5)
4(237 55 56 241)
4(2 5 56 55)
4(237 253 53 55)
4(249 52 53 253)
4(52 54 55 53)
4(213 176 175 229)
4(228 229 175 178)
4(176 177 178 175)
4(225 229 245 241)
4(228 244 245 229)
4(240 241 245 244)
4(237 241 257 253)
4(240 256 257 241)
4(252 253 257 256)
4(249 253 269 265)
4(252 268 269 253)
4(264 265 269 268)
4(228 178 189 244)
4(243 244 189 190)
4(178 180 190 189)
4(177 344 360 178)
4(180 178 360 359)
4(343 359 360 344)
4(240 244 260 256)
4(243 259 260 244)
4(255 256 260 259)
4(252 256 272 268)
4(255 271 272 256)
4(267 268 272 271)
4(264 268 284 280)
4(267 283 284 268)
4(279 280 284 283)
4(243 190 195 259)
4(258 259 195 196)
4(190 191 196 195)
4(180 359 375 190)
4(191 190 375 374)
4(358 374 375 359)
4(343 347 363 359)
4(358 359 363 362)
4(346 362 363 347)
4(255 259 275 271)
4(258 274 275 259)
4(270 271 275 274)
4(267 271 287 283)
4(270 286 287 271)
4(282 283 287 286)
4(279 283 299 295)
4(282 298 299 283)
4(294 295 299 298)
4(258 196 197 274)
4(154 274 197 161)
4(196 160 161 197)
4(153 154 161 160)
4(191 374 390 196)
4(160 196 390 159)
4(150 159 390 374)
4(150 151 160 159)
4(358 362 378 374)
4(150 374 378 149)
4(128 149 378 362)
4(128 130 150 149)
4(346 350 366 362)
4(128 362 366 124)
4(126 124 366 350)
4(126 127 128 124)
4(270 274 290 286)
4(154 155 290 274)
4(140 286 290 155)
4(139 140 155 154)
4(282 286 302 298)
4(140 141 302 286)
4(94 298 302 141)
4(92 94 141 140)
4(294 298 314 310)
4(94 96 314 298)
4(95 310 314 96)
4(93 95 96 94)
4(229 7 9 175)
4(9 8 176 175)
4(6 8 9 7)
4(229 245 57 7)
4(241 56 57 245)
4(5 7 57 56)
4(241 257 71 56)
4(253 53 71 257)
4(53 55 56 71)
4(253 269 51 53)
4(265 50 51 269)
4(50 52 53 51)
4(229 175 174 245)
4(244 245 174 189)
4(174 175 178 189)
4(176 345 361 175)
4(178 175 361 360)
4(344 360 361 345)
4(241 245 261 257)
4(244 260 261 245)
4(256 257 261 260)
4(253 257 273 269)
4(256 272 273 257)
4(268 269 273 272)
4(265 269 285 281)
4(268 284 285 269)
4(280 281 285 284)
4(244 189 188 260)
4(259 260 188 195)
4(188 189 190 195)
4(178 360 376 189)
4(190 189 376 375)
4(359 375 376 360)
4(344 348 364 360)
4(359 360 364 363)
4(347 363 364 348)
4(256 260 276 272)
4(259 275 276 260)
4(271 272 276 275)
4(268 272 288 284)
4(271 287 288 272)
4(283 284 288 287)
4(280 284 300 296)
4(283 299 300 284)
4(295 296 300 299)
4(259 195 194 275)
4(274 275 194 197)
4(194 195 196 197)
4(190 375 391 195)
4(196 195 391 390)
4(374 390 391 375)
4(359 363 379 375)
4(374 375 379 378)
4(362 378 379 363)
4(347 351 367 363)
4(362 363 367 366)
4(350 366 367 351)
4(271 275 291 287)
4(274 290 291 275)
4(286 287 291 290)
4(283 287 303 299)
4(286 302 303 287)
4(298 299 303 302)
4(295 299 315 311)
4(298 314 315 299)
4(310 311 315 314)
4(274 197 192 290)
4(155 290 192 156)
4(156 192 197 161)
4(154 155 156 161)
4(196 390 406 197)
4(161 197 406 158)
4(159 158 406 390)
4(158 159 160 161)
4(374 378 394 390)
4(159 390 394 148)
4(149 148 394 378)
4(148 149 150 159)
4(362 366 382 378)
4(149 378 382 122)
4(124 122 382 366)
4(122 124 128 149)
4(350 354 370 366)
4(124 366 370 123)
4(123 125 126 124)
4(286 290 306 302)
4(155 142 306 290)
4(141 302 306 142)
4(140 141 142 155)
4(298 302 318 314)
4(141 100 318 302)
4(96 314 318 100)
4(94 96 100 141)
4(310 314 330 326)
4(96 98 330 314)
4(95 97 98 96)
4(245 57 58 174)
4(58 9 175 174)
4(7 9 58 57)
4(175 9 11 361)
4(345 361 11 10)
4(8 10 11 9)
4(245 261 72 57)
4(257 71 72 261)
4(56 57 72 71)
4(257 273 70 71)
4(269 51 70 273)
4(51 53 71 70)
4(269 285 49 51)
4(281 48 49 285)
4(48 50 51 49)
4(245 174 173 261)
4(260 261 173 188)
4(173 174 189 188)
4(175 361 377 174)
4(189 174 377 376)
4(360 376 377 361)
4(345 349 365 361)
4(360 361 365 364)
4(348 364 365 349)
4(257 261 277 273)
4(260 276 277 261)
4(272 273 277 276)
4(269 273 289 285)
4(272 288 289 273)
4(284 285 289 288)
4(281 285 301 297)
4(284 300 301 285)
4(296 297 301 300)
4(260 188 187 276)
4(275 276 187 194)
4(187 188 195 194)
4(189 376 392 188)
4(195 188 392 391)
4(375 391 392 376)
4(360 364 380 376)
4(375 376 380 379)
4(363 379 380 364)
4(348 352 368 364)
4(363 364 368 367)
4(351 367 368 352)
4(272 276 292 288)
4(275 291 292 276)
4(287 288 292 291)
4(284 288 304 300)
4(287 303 304 288)
4(299 300 304 303)
4(296 300 316 312)
4(299 315 316 300)
4(311 312 316 315)
4(275 194 193 291)
4(290 291 193 192)
4(192 193 194 197)
4(195 391 407 194)
4(197 194 407 406)
4(390 406 407 391)
4(375 379 395 391)
4(390 391 395 394)
4(378 394 395 379)
4(363 367 383 379)
4(378 379 383 382)
4(366 382 383 367)
4(351 355 371 367)
4(366 367 371 370)
4(287 291 307 303)
4(290 306 307 291)
4(302 303 307 306)
4(299 303 319 315)
4(302 318 319 303)
4(314 315 319 318)
4(311 315 331 327)
4(314 330 331 315)
4(290 192 183 306)
4(142 306 183 143)
4(143 183 192 156)
4(142 143 156 155)
4(197 406 422 192)
4(156 192 422 157)
4(158 157 422 406)
4(156 157 158 161)
4(390 394 410 406)
4(158 406 410 147)
4(148 147 410 394)
4(147 148 159 158)
4(378 382 398 394)
4(148 394 398 120)
4(122 120 398 382)
4(120 122 149 148)
4(366 370 386 382)
4(122 382 386 121)
4(121 123 124 122)
4(302 306 322 318)
4(142 102 322 306)
4(100 318 322 102)
4(100 102 142 141)
4(314 318 334 330)
4(100 99 334 318)
4(98 99 100 96)
4(261 72 73 173)
4(73 58 174 173)
4(57 58 73 72)
4(174 58 59 377)
4(361 377 59 11)
4(9 11 59 58)
4(361 11 13 365)
4(349 365 13 12)
4(10 12 13 11)
4(261 277 79 72)
4(273 70 79 277)
4(70 71 72 79)
4(273 289 69 70)
4(285 49 69 289)
4(49 51 70 69)
4(285 301 47 49)
4(297 46 47 301)
4(46 48 49 47)
4(261 173 172 277)
4(276 277 172 187)
4(172 173 188 187)
4(174 377 393 173)
4(188 173 393 392)
4(376 392 393 377)
4(361 365 381 377)
4(376 377 381 380)
4(364 380 381 365)
4(349 353 369 365)
4(364 365 369 368)
4(352 368 369 353)
4(273 277 293 289)
4(276 292 293 277)
4(288 289 293 292)
4(285 289 305 301)
4(288 304 305 289)
4(300 301 305 304)
4(297 301 317 313)
4(300 316 317 301)
4(312 313 317 316)
4(276 187 186 292)
4(291 292 186 193)
4(186 187 194 193)
4(188 392 408 187)
4(194 187 408 407)
4(391 407 408 392)
4(376 380 396 392)
4(391 392 396 395)
4(379 395 396 380)
4(364 368 384 380)
4(379 380 384 383)
4(367 383 384 368)
4(352 356 372 368)
4(367 368 372 371)
4(288 292 308 304)
4(291 307 308 292)
4(303 304 308 307)
4(300 304 320 316)
4(303 319 320 304)
4(315 316 320 319)
4(312 316 332 328)
4(315 331 332 316)
4(291 193 184 307)
4(306 307 184 183)
4(183 184 193 192)
4(194 407 423 193)
4(192 193 423 422)
4(406 422 423 407)
4(391 395 411 407)
4(406 407 411 410)
4(394 410 411 395)
4(379 383 399 395)
4(394 395 399 398)
4(382 398 399 383)
4(367 371 387 383)
4(382 383 387 386)
4(303 307 323 319)
4(306 322 323 307)
4(318 319 323 322)
4(315 319 335 331)
4(318 334 335 319)
4(306 183 163 322)
4(102 322 163 104)
4(104 163 183 143)
4(102 104 143 142)
4(192 422 438 183)
4(143 183 438 144)
4(157 144 438 422)
4(143 144 157 156)
4(406 410 426 422)
4(157 422 426 146)
4(147 146 426 410)
4(146 147 158 157)
4(394 398 414 410)
4(147 410 414 118)
4(120 118 414 398)
4(118 120 148 147)
4(382 386 402 398)
4(120 398 402 119)
4(119 121 122 120)
4(318 322 338 334)
4(102 101 338 322)
4(99 101 102 100)
4(277 79 80 172)
4(80 73 173 172)
4(72 73 80 79)
4(173 73 74 393)
4(377 393 74 59)
4(58 59 74 73)
4(377 59 60 381)
4(365 381 60 13)
4(11 13 60 59)
4(365 13 15 369)
4(353 369 15 14)
4(12 14 15 13)
4(277 293 78 79)
4(289 69 78 293)
4(69 70 79 78)
4(289 305 68 69)
4(301 47 68 305)
4(47 49 69 68)
4(301 317 43 47)
4(313 45 43 317)
4(45 46 47 43)
4(277 172 171 293)
4(292 293 171 186)
4(171 172 187 186)
4(173 393 409 172)
4(187 172 409 408)
4(392 408 409 393)
4(377 381 397 393)
4(392 393 397 396)
4(380 396 397 381)
4(365 369 385 381)
4(380 381 385 384)
4(368 384 385 369)
4(353 357 373 369)
4(368 369 373 372)
4(289 293 309 305)
4(292 308 309 293)
4(304 305 309 308)
4(301 305 321 317)
4(304 320 321 305)
4(316 317 321 320)
4(313 317 333 329)
4(316 332 333 317)
4(292 186 185 308)
4(307 308 185 184)
4(184 185 186 193)
4(187 408 424 186)
4(193 186 424 423)
4(407 423 424 408)
4(392 396 412 408)
4(407 408 412 411)
4(395 411 412 396)
4(380 384 400 396)
4(395 396 400 399)
4(383 399 400 384)
4(368 372 388 384)
4(383 384 388 387)
4(304 308 324 320)
4(307 323 324 308)
4(319 320 324 323)
4(316 320 336 332)
4(319 335 336 320)
4(307 184 165 323)
4(322 323 165 163)
4(163 165 184 183)
4(193 423 439 184)
4(183 184 439 438)
4(422 438 439 423)
4(407 411 427 423)
4(422 423 427 426)
4(410 426 427 411)
4(395 399 415 411)
4(410 411 415 414)
4(398 414 415 399)
4(383 387 403 399)
4(398 399 403 402)
4(319 323 339 335)
4(322 338 339 323)
4(322 163 162 338)
4(103 162 163 104)
4(101 103 104 102)
4(183 438 454 163)
4(104 163 454 106)
4(144 106 454 438)
4(104 106 144 143)
4(422 426 442 438)
4(144 438 442 145)
4(146 145 442 426)
4(144 145 146 157)
4(410 414 430 426)
4(146 426 430 116)
4(118 116 430 414)
4(116 118 147 146)
4(398 402 418 414)
4(118 414 418 117)
4(117 119 120 118)
4(293 78 77 171)
4(77 80 172 171)
4(77 78 79 80)
4(172 80 75 409)
4(393 409 75 74)
4(73 74 75 80)
4(393 74 61 397)
4(381 397 61 60)
4(59 60 61 74)
4(381 60 19 385)
4(369 385 19 15)
4(13 15 19 60)
4(369 15 17 373)
4(14 16 17 15)
4(293 309 67 78)
4(305 68 67 309)
4(67 68 69 78)
4(305 321 41 68)
4(317 43 41 321)
4(41 43 47 68)
4(317 333 42 43)
4(42 44 45 43)
4(293 171 170 309)
4(308 309 170 185)
4(170 171 186 185)
4(172 409 425 171)
4(186 171 425 424)
4(408 424 425 409)
4(393 397 413 409)
4(408 409 413 412)
4(396 412 413 397)
4(381 385 401 397)
4(396 397 401 400)
4(384 400 401 385)
4(369 373 389 385)
4(384 385 389 388)
4(305 309 325 321)
4(308 324 325 309)
4(320 321 325 324)
4(317 321 337 333)
4(320 336 337 321)
4(308 185 167 324)
4(323 324 167 165)
4(165 167 185 184)
4(186 424 440 185)
4(184 185 440 439)
4(423 439 440 424)
4(408 412 428 424)
4(423 424 428 427)
4(411 427 428 412)
4(396 400 416 412)
4(411 412 416 415)
4(399 415 416 400)
4(384 388 404 400)
4(399 400 404 403)
4(320 324 340 336)
4(323 339 340 324)
4(323 165 164 339)
4(162 164 165 163)
4(184 439 455 165)
4(163 165 455 454)
4(438 454 455 439)
4(423 427 443 439)
4(438 439 443 442)
4(426 442 443 427)
4(411 415 431 427)
4(426 427 431 430)
4(414 430 431 415)
4(399 403 419 415)
4(414 415 419 418)
4(163 454 470 162)
4(106 105 470 454)
4(103 105 106 104)
4(438 442 458 454)
4(106 454 458 108)
4(145 108 458 442)
4(106 108 145 144)
4(426 430 446 442)
4(145 442 446 114)
4(116 114 446 430)
4(114 116 146 145)
4(414 418 434 430)
4(116 430 434 115)
4(115 117 118 116)
4(309 67 66 170)
4(66 77 171 170)
4(66 67 78 77)
4(171 77 76 425)
4(409 425 76 75)
4(75 76 77 80)
4(409 75 62 413)
4(397 413 62 61)
4(61 62 75 74)
4(397 61 21 401)
4(385 401 21 19)
4(19 21 61 60)
4(385 19 18 389)
4(17 18 19 15)
4(309 325 39 67)
4(321 41 39 325)
4(39 41 68 67)
4(321 337 40 41)
4(40 42 43 41)
4(309 170 169 325)
4(324 325 169 167)
4(167 169 170 185)
4(171 425 441 170)
4(185 170 441 440)
4(424 440 441 425)
4(409 413 429 425)
4(424 425 429 428)
4(412 428 429 413)
4(397 401 417 413)
4(412 413 417 416)
4(400 416 417 401)
4(385 389 405 401)
4(400 401 405 404)
4(321 325 341 337)
4(324 340 341 325)
4(324 167 166 340)
4(164 166 167 165)
4(185 440 456 167)
4(165 167 456 455)
4(439 455 456 440)
4(424 428 444 440)
4(439 440 444 443)
4(427 443 444 428)
4(412 416 432 428)
4(427 428 432 431)
4(415 431 432 416)
4(400 404 420 416)
4(415 416 420 419)
4(165 455 471 164)
4(454 470 471 455)
4(439 443 459 455)
4(454 455 459 458)
4(442 458 459 443)
4(427 431 447 443)
4(442 443 447 446)
4(430 446 447 431)
4(415 419 435 431)
4(430 431 435 434)
4(454 458 474 470)
4(108 107 474 458)
4(105 107 108 106)
4(442 446 462 458)
4(108 458 462 110)
4(114 110 462 446)
4(108 110 114 145)
4(430 434 450 446)
4(114 446 450 113)
4(113 115 116 114)
4(325 39 37 169)
4(37 66 170 169)
4(37 39 67 66)
4(170 66 65 441)
4(425 441 65 76)
4(65 66 77 76)
4(425 76 63 429)
4(413 429 63 62)
4(62 63 76 75)
4(413 62 23 417)
4(401 417 23 21)
4(21 23 62 61)
4(401 21 20 405)
4(18 20 21 19)
4(325 341 38 39)
4(38 40 41 39)
4(325 169 168 341)
4(166 168 169 167)
4(170 441 457 169)
4(167 169 457 456)
4(440 456 457 441)
4(425 429 445 441)
4(440 441 445 444)
4(428 444 445 429)
4(413 417 433 429)
4(428 429 433 432)
4(416 432 433 417)
4(401 405 421 417)
4(416 417 421 420)
4(167 456 472 166)
4(455 471 472 456)
4(440 444 460 456)
4(455 456 460 459)
4(443 459 460 444)
4(428 432 448 444)
4(443 444 448 447)
4(431 447 448 432)
4(416 420 436 432)
4(431 432 436 435)
4(455 459 475 471)
4(458 474 475 459)
4(443 447 463 459)
4(458 459 463 462)
4(446 462 463 447)
4(431 435 451 447)
4(446 447 451 450)
4(458 462 478 474)
4(110 109 478 462)
4(107 109 110 108)
4(446 450 466 462)
4(110 462 466 112)
4(112 113 114 110)
4(168 36 37 169)
4(36 38 39 37)
4(169 37 35 457)
4(441 457 35 65)
4(35 37 66 65)
4(441 65 64 445)
4(429 445 64 63)
4(63 64 65 76)
4(429 63 25 433)
4(417 433 25 23)
4(23 25 63 62)
4(417 23 22 421)
4(20 22 23 21)
4(169 457 473 168)
4(456 472 473 457)
4(441 445 461 457)
4(456 457 461 460)
4(444 460 461 445)
4(429 433 449 445)
4(444 445 449 448)
4(432 448 449 433)
4(417 421 437 433)
4(432 433 437 436)
4(456 460 476 472)
4(459 475 476 460)
4(444 448 464 460)
4(459 460 464 463)
4(447 463 464 448)
4(432 436 452 448)
4(447 448 452 451)
4(459 463 479 475)
4(462 478 479 463)
4(447 451 467 463)
4(462 463 467 466)
4(462 466 482 478)
4(109 111 112 110)
4(457 473 34 35)
4(34 36 37 35)
4(457 35 33 461)
4(445 461 33 64)
4(33 35 65 64)
4(445 64 27 449)
4(433 449 27 25)
4(25 27 64 63)
4(433 25 24 437)
4(22 24 25 23)
4(457 461 477 473)
4(460 476 477 461)
4(445 449 465 461)
4(460 461 465 464)
4(448 464 465 449)
4(433 437 453 449)
4(448 449 453 452)
4(460 464 480 476)
4(463 479 480 464)
4(448 452 468 464)
4(463 464 468 467)
4(463 467 483 479)
4(461 477 32 33)
4(32 34 35 33)
4(461 33 29 465)
4(449 465 29 27)
4(27 29 33 64)
4(449 27 26 453)
4(24 26 27 25)
4(461 465 481 477)
4(464 480 481 465)
4(449 453 469 465)
4(464 465 469 468)
4(464 468 484 480)
4(465 481 31 29)
4(31 32 33 29)
4(465 29 28 469)
4(26 28 29 27)
4(465 469 485 481)
4(28 30 31 29)
4(532 537 557 552)
4(536 556 557 537)
4(551 552 557 556)
4(533 538 558 553)
4(537 557 558 538)
4(552 553 558 557)
4(537 542 562 557)
4(541 561 562 542)
4(556 557 562 561)
4(552 557 577 572)
4(556 576 577 557)
4(571 572 577 576)
4(534 539 559 554)
4(538 558 559 539)
4(553 554 559 558)
4(538 543 563 558)
4(542 562 563 543)
4(557 558 563 562)
4(553 558 578 573)
4(557 577 578 558)
4(572 573 578 577)
4(542 547 567 562)
4(546 566 567 547)
4(561 562 567 566)
4(557 562 582 577)
4(561 581 582 562)
4(576 577 582 581)
4(572 577 597 592)
4(576 596 597 577)
4(591 592 597 596)
4(535 540 560 555)
4(539 559 560 540)
4(554 555 560 559)
4(539 544 564 559)
4(543 563 564 544)
4(558 559 564 563)
4(554 559 579 574)
4(558 578 579 559)
4(573 574 579 578)
4(543 548 568 563)
4(547 567 568 548)
4(562 563 568 567)
4(558 563 583 578)
4(562 582 583 563)
4(577 578 583 582)
4(573 578 598 593)
4(577 597 598 578)
4(592 593 598 597)
4(547 487 488 567)
4(566 567 488 491)
4(487 490 491 488)
4(562 567 587 582)
4(566 586 587 567)
4(581 582 587 586)
4(577 582 602 597)
4(581 601 602 582)
4(596 597 602 601)
4(592 597 617 612)
4(596 616 617 597)
4(611 612 617 616)
4(540 560 83 84)
4(555 82 83 560)
4(540 545 565 560)
4(544 564 565 545)
4(559 560 565 564)
4(555 560 580 575)
4(559 579 580 560)
4(574 575 580 579)
4(544 549 569 564)
4(548 568 569 549)
4(563 564 569 568)
4(559 564 584 579)
4(563 583 584 564)
4(578 579 584 583)
4(574 579 599 594)
4(578 598 599 579)
4(593 594 599 598)
4(548 486 489 568)
4(567 568 489 488)
4(486 487 488 489)
4(563 568 588 583)
4(567 587 588 568)
4(582 583 588 587)
4(578 583 603 598)
4(582 602 603 583)
4(597 598 603 602)
4(593 598 618 613)
4(597 617 618 598)
4(612 613 618 617)
4(567 488 493 587)
4(586 587 493 492)
4(491 492 493 488)
4(487 712 732 488)
4(491 488 732 731)
4(711 731 732 712)
4(582 587 607 602)
4(586 606 607 587)
4(601 602 607 606)
4(597 602 622 617)
4(601 621 622 602)
4(616 617 622 621)
4(612 617 637 632)
4(616 636 637 617)
4(631 632 637 636)
4(545 565 136 135)
4(560 83 136 565)
4(560 580 86 83)
4(575 85 86 580)
4(545 550 570 565)
4(549 569 570 550)
4(564 565 570 569)
4(560 565 585 580)
4(564 584 585 565)
4(579 580 585 584)
4(575 580 600 595)
4(579 599 600 580)
4(594 595 600 599)
4(549 514 515 569)
4(568 569 515 489)
4(514 486 489 515)
4(564 569 589 584)
4(568 588 589 569)
4(583 584 589 588)
4(579 584 604 599)
4(583 603 604 584)
4(598 599 604 603)
4(594 599 619 614)
4(598 618 619 599)
4(613 614 619 618)
4(568 489 516 588)
4(587 588 516 493)
4(489 488 493 516)
4(486 713 733 489)
4(488 489 733 732)
4(712 732 733 713)
4(583 588 608 603)
4(587 607 608 588)
4(602 603 608 607)
4(598 603 623 618)
4(602 622 623 603)
4(617 618 623 622)
4(613 618 638 633)
4(617 637 638 618)
4(632 633 638 637)
4(587 493 495 607)
4(606 607 495 494)
4(492 494 495 493)
4(488 732 752 493)
4(492 493 752 751)
4(731 751 752 732)
4(712 717 737 732)
4(731 732 737 736)
4(716 736 737 717)
4(602 607 627 622)
4(606 626 627 607)
4(621 622 627 626)
4(617 622 642 637)
4(621 641 642 622)
4(636 637 642 641)
4(632 637 657 652)
4(636 656 657 637)
4(651 652 657 656)
4(550 570 134 133)
4(565 136 134 570)
4(565 585 137 136)
4(580 86 137 585)
4(580 600 88 86)
4(595 87 88 600)
4(550 512 513 570)
4(569 570 513 515)
4(512 514 515 513)
4(565 570 590 585)
4(569 589 590 570)
4(584 585 590 589)
4(580 585 605 600)
4(584 604 605 585)
4(599 600 605 604)
4(595 600 620 615)
4(599 619 620 600)
4(614 615 620 619)
4(569 515 517 589)
4(588 589 517 516)
4(489 516 517 515)
4(514 714 734 515)
4(489 515 734 733)
4(713 733 734 714)
4(584 589 609 604)
4(588 608 609 589)
4(603 604 609 608)
4(599 604 624 619)
4(603 623 624 604)
4(618 619 624 623)
4(614 619 639 634)
4(618 638 639 619)
4(633 634 639 638)
4(588 516 518 608)
4(607 608 518 495)
4(493 495 518 516)
4(489 733 753 516)
4(493 516 753 752)
4(732 752 753 733)
4(713 718 738 733)
4(732 733 738 737)
4(717 737 738 718)
4(603 608 628 623)
4(607 627 628 608)
4(622 623 628 627)
4(618 623 643 638)
4(622 642 643 623)
4(637 638 643 642)
4(633 638 658 653)
4(637 657 658 638)
4(652 653 658 657)
4(607 495 497 627)
4(626 627 497 496)
4(494 496 497 495)
4(493 752 772 495)
4(494 495 772 771)
4(751 771 772 752)
4(732 737 757 752)
4(751 752 757 756)
4(736 756 757 737)
4(717 722 742 737)
4(736 737 742 741)
4(721 741 742 722)
4(622 627 647 642)
4(626 646 647 627)
4(641 642 647 646)
4(637 642 662 657)
4(641 661 662 642)
4(656 657 662 661)
4(652 657 677 672)
4(656 676 677 657)
4(671 672 677 676)
4(570 134 132 513)
4(131 512 513 132)
4(570 590 152 134)
4(585 137 152 590)
4(585 605 138 137)
4(600 88 138 605)
4(600 620 90 88)
4(615 89 90 620)
4(570 513 524 590)
4(589 590 524 517)
4(513 515 517 524)
4(512 715 735 513)
4(515 513 735 734)
4(714 734 735 715)
4(585 590 610 605)
4(589 609 610 590)
4(604 605 610 609)
4(600 605 625 620)
4(604 624 625 605)
4(619 620 625 624)
4(615 620 640 635)
4(619 639 640 620)
4(634 635 640 639)
4(589 517 525 609)
4(608 609 525 518)
4(517 516 518 525)
4(515 734 754 517)
4(516 517 754 753)
4(733 753 754 734)
4(714 719 739 734)
4(733 734 739 738)
4(718 738 739 719)
4(604 609 629 624)
4(608 628 629 609)
4(623 624 629 628)
4(619 624 644 639)
4(623 643 644 624)
4(638 639 644 643)
4(634 639 659 654)
4(638 658 659 639)
4(653 654 659 658)
4(608 518 519 628)
4(627 628 519 497)
4(495 497 519 518)
4(516 753 773 518)
4(495 518 773 772)
4(752 772 773 753)
4(733 738 758 753)
4(752 753 758 757)
4(737 757 758 738)
4(718 723 743 738)
4(737 738 743 742)
4(722 742 743 723)
4(623 628 648 643)
4(627 647 648 628)
4(642 643 648 647)
4(638 643 663 658)
4(642 662 663 643)
4(657 658 663 662)
4(653 658 678 673)
4(657 677 678 658)
4(672 673 678 677)
4(627 497 499 647)
4(646 647 499 498)
4(496 498 499 497)
4(495 772 792 497)
4(496 497 792 791)
4(771 791 792 772)
4(752 757 777 772)
4(771 772 777 776)
4(756 776 777 757)
4(737 742 762 757)
4(756 757 762 761)
4(741 761 762 742)
4(722 727 747 742)
4(741 742 747 746)
4(642 647 667 662)
4(646 666 667 647)
4(661 662 667 666)
4(657 662 682 677)
4(661 681 682 662)
4(676 677 682 681)
4(672 677 697 692)
4(676 696 697 677)
4(590 152 151 524)
4(132 513 524 151)
4(513 132 130 735)
4(715 735 130 129)
4(590 610 153 152)
4(605 138 153 610)
4(605 625 139 138)
4(620 90 139 625)
4(620 640 92 90)
4(635 91 92 640)
4(590 524 526 610)
4(609 610 526 525)
4(517 525 526 524)
4(513 735 755 524)
4(517 524 755 754)
4(734 754 755 735)
4(715 720 740 735)
4(734 735 740 739)
4(719 739 740 720)
4(605 610 630 625)
4(609 629 630 610)
4(624 625 630 629)
4(620 625 645 640)
4(624 644 645 625)
4(639 640 645 644)
4(635 640 660 655)
4(639 659 660 640)
4(654 655 660 659)
4(609 525 527 629)
4(628 629 527 519)
4(518 519 527 525)
4(517 754 774 525)
4(518 525 774 773)
4(753 773 774 754)
4(734 739 759 754)
4(753 754 759 758)
4(738 758 759 739)
4(719 724 744 739)
4(738 739 744 743)
4(723 743 744 724)
4(624 629 649 644)
4(628 648 649 629)
4(643 644 649 648)
4(639 644 664 659)
4(643 663 664 644)
4(658 659 664 663)
4(654 659 679 674)
4(658 678 679 659)
4(673 674 679 678)
4(628 519 520 648)
4(647 648 520 499)
4(497 499 520 519)
4(518 773 793 519)
4(497 519 793 792)
4(772 792 793 773)
4(753 758 778 773)
4(772 773 778 777)
4(757 777 778 758)
4(738 743 763 758)
4(757 758 763 762)
4(742 762 763 743)
4(723 728 748 743)
4(742 743 748 747)
4(643 648 668 663)
4(647 667 668 648)
4(662 663 668 667)
4(658 663 683 678)
4(662 682 683 663)
4(677 678 683 682)
4(673 678 698 693)
4(677 697 698 678)
4(647 499 501 667)
4(666 667 501 500)
4(498 500 501 499)
4(497 792 812 499)
4(498 499 812 811)
4(791 811 812 792)
4(772 777 797 792)
4(791 792 797 796)
4(776 796 797 777)
4(757 762 782 777)
4(776 777 782 781)
4(761 781 782 762)
4(742 747 767 762)
4(761 762 767 766)
4(662 667 687 682)
4(666 686 687 667)
4(681 682 687 686)
4(677 682 702 697)
4(681 701 702 682)
4(610 153 160 526)
4(151 524 526 160)
4(524 151 150 755)
4(735 755 150 130)
4(735 130 128 740)
4(720 740 128 127)
4(610 630 154 153)
4(625 139 154 630)
4(625 645 140 139)
4(640 92 140 645)
4(640 660 94 92)
4(655 93 94 660)
4(610 526 530 630)
4(629 630 530 527)
4(526 525 527 530)
4(524 755 775 526)
4(525 526 775 774)
4(754 774 775 755)
4(735 740 760 755)
4(754 755 760 759)
4(739 759 760 740)
4(720 725 745 740)
4(739 740 745 744)
4(724 744 745 725)
4(625 630 650 645)
4(629 649 650 630)
4(644 645 650 649)
4(640 645 665 660)
4(644 664 665 645)
4(659 660 665 664)
4(655 660 680 675)
4(659 679 680 660)
4(674 675 680 679)
4(629 527 528 649)
4(648 649 528 520)
4(519 520 528 527)
4(525 774 794 527)
4(519 527 794 793)
4(773 793 794 774)
4(754 759 779 774)
4(773 774 779 778)
4(758 778 779 759)
4(739 744 764 759)
4(758 759 764 763)
4(743 763 764 744)
4(724 729 749 744)
4(743 744 749 748)
4(644 649 669 664)
4(648 668 669 649)
4(663 664 669 668)
4(659 664 684 679)
4(663 683 684 664)
4(678 679 684 683)
4(674 679 699 694)
4(678 698 699 679)
4(648 520 521 668)
4(667 668 521 501)
4(499 501 521 520)
4(519 793 813 520)
4(499 520 813 812)
4(792 812 813 793)
4(773 778 798 793)
4(792 793 798 797)
4(777 797 798 778)
4(758 763 783 778)
4(777 778 783 782)
4(762 782 783 763)
4(743 748 768 763)
4(762 763 768 767)
4(663 668 688 683)
4(667 687 688 668)
4(682 683 688 687)
4(678 683 703 698)
4(682 702 703 683)
4(667 501 503 687)
4(686 687 503 502)
4(500 502 503 501)
4(499 812 832 501)
4(500 501 832 831)
4(811 831 832 812)
4(792 797 817 812)
4(811 812 817 816)
4(796 816 817 797)
4(777 782 802 797)
4(796 797 802 801)
4(781 801 802 782)
4(762 767 787 782)
4(781 782 787 786)
4(682 687 707 702)
4(686 706 707 687)
4(630 154 161 530)
4(526 530 161 160)
4(526 160 159 775)
4(755 775 159 150)
4(755 150 149 760)
4(740 760 149 128)
4(740 128 124 745)
4(725 745 124 126)
4(630 650 155 154)
4(645 140 155 650)
4(645 665 141 140)
4(660 94 141 665)
4(660 680 96 94)
4(675 95 96 680)
4(630 530 529 650)
4(649 650 529 528)
4(527 528 529 530)
4(526 775 795 530)
4(527 530 795 794)
4(774 794 795 775)
4(755 760 780 775)
4(774 775 780 779)
4(759 779 780 760)
4(740 745 765 760)
4(759 760 765 764)
4(744 764 765 745)
4(725 730 750 745)
4(744 745 750 749)
4(645 650 670 665)
4(649 669 670 650)
4(664 665 670 669)
4(660 665 685 680)
4(664 684 685 665)
4(679 680 685 684)
4(675 680 700 695)
4(679 699 700 680)
4(649 528 522 669)
4(668 669 522 521)
4(520 521 522 528)
4(527 794 814 528)
4(520 528 814 813)
4(793 813 814 794)
4(774 779 799 794)
4(793 794 799 798)
4(778 798 799 779)
4(759 764 784 779)
4(778 779 784 783)
4(763 783 784 764)
4(744 749 769 764)
4(763 764 769 768)
4(664 669 689 684)
4(668 688 689 669)
4(683 684 689 688)
4(679 684 704 699)
4(683 703 704 684)
4(668 521 507 688)
4(687 688 507 503)
4(501 503 507 521)
4(520 813 833 521)
4(501 521 833 832)
4(812 832 833 813)
4(793 798 818 813)
4(812 813 818 817)
4(797 817 818 798)
4(778 783 803 798)
4(797 798 803 802)
4(782 802 803 783)
4(763 768 788 783)
4(782 783 788 787)
4(683 688 708 703)
4(687 707 708 688)
4(687 503 505 707)
4(502 504 505 503)
4(501 832 852 503)
4(502 503 852 851)
4(831 851 852 832)
4(812 817 837 832)
4(831 832 837 836)
4(816 836 837 817)
4(797 802 822 817)
4(816 817 822 821)
4(801 821 822 802)
4(782 787 807 802)
4(801 802 807 806)
4(650 155 156 529)
4(529 156 161 530)
4(530 161 158 795)
4(775 795 158 159)
4(775 159 148 780)
4(760 780 148 149)
4(760 149 122 765)
4(745 765 122 124)
4(745 124 123 750)
4(650 670 142 155)
4(665 141 142 670)
4(665 685 100 141)
4(680 96 100 685)
4(680 700 98 96)
4(650 529 523 670)
4(669 670 523 522)
4(522 523 529 528)
4(530 795 815 529)
4(528 529 815 814)
4(794 814 815 795)
4(775 780 800 795)
4(794 795 800 799)
4(779 799 800 780)
4(760 765 785 780)
4(779 780 785 784)
4(764 784 785 765)
4(745 750 770 765)
4(764 765 770 769)
4(665 670 690 685)
4(669 689 690 670)
4(684 685 690 689)
4(680 685 705 700)
4(684 704 705 685)
4(669 522 509 689)
4(688 689 509 507)
4(507 509 522 521)
4(528 814 834 522)
4(521 522 834 833)
4(813 833 834 814)
4(794 799 819 814)
4(813 814 819 818)
4(798 818 819 799)
4(779 784 804 799)
4(798 799 804 803)
4(783 803 804 784)
4(764 769 789 784)
4(783 784 789 788)
4(684 689 709 704)
4(688 708 709 689)
4(688 507 506 708)
4(505 506 507 503)
4(521 833 853 507)
4(503 507 853 852)
4(832 852 853 833)
4(813 818 838 833)
4(832 833 838 837)
4(817 837 838 818)
4(798 803 823 818)
4(817 818 823 822)
4(802 822 823 803)
4(783 788 808 803)
4(802 803 808 807)
4(503 852 872 505)
4(851 871 872 852)
4(832 837 857 852)
4(851 852 857 856)
4(836 856 857 837)
4(817 822 842 837)
4(836 837 842 841)
4(821 841 842 822)
4(802 807 827 822)
4(821 822 827 826)
4(670 142 143 523)
4(523 143 156 529)
4(529 156 157 815)
4(795 815 157 158)
4(795 158 147 800)
4(780 800 147 148)
4(780 148 120 785)
4(765 785 120 122)
4(765 122 121 770)
4(670 690 102 142)
4(685 100 102 690)
4(685 705 99 100)
4(670 523 511 690)
4(689 690 511 509)
4(509 511 523 522)
4(529 815 835 523)
4(522 523 835 834)
4(814 834 835 815)
4(795 800 820 815)
4(814 815 820 819)
4(799 819 820 800)
4(780 785 805 800)
4(799 800 805 804)
4(784 804 805 785)
4(765 770 790 785)
4(784 785 790 789)
4(685 690 710 705)
4(689 709 710 690)
4(689 509 508 709)
4(506 508 509 507)
4(522 834 854 509)
4(507 509 854 853)
4(833 853 854 834)
4(814 819 839 834)
4(833 834 839 838)
4(818 838 839 819)
4(799 804 824 819)
4(818 819 824 823)
4(803 823 824 804)
4(784 789 809 804)
4(803 804 809 808)
4(507 853 873 506)
4(852 872 873 853)
4(833 838 858 853)
4(852 853 858 857)
4(837 857 858 838)
4(818 823 843 838)
4(837 838 843 842)
4(822 842 843 823)
4(803 808 828 823)
4(822 823 828 827)
4(852 857 877 872)
4(856 876 877 857)
4(837 842 862 857)
4(856 857 862 861)
4(841 861 862 842)
4(822 827 847 842)
4(841 842 847 846)
4(690 102 104 511)
4(511 104 143 523)
4(523 143 144 835)
4(815 835 144 157)
4(815 157 146 820)
4(800 820 146 147)
4(800 147 118 805)
4(785 805 118 120)
4(785 120 119 790)
4(690 710 101 102)
4(690 511 510 710)
4(508 510 511 509)
4(523 835 855 511)
4(509 511 855 854)
4(834 854 855 835)
4(815 820 840 835)
4(834 835 840 839)
4(819 839 840 820)
4(800 805 825 820)
4(819 820 825 824)
4(804 824 825 805)
4(785 790 810 805)
4(804 805 810 809)
4(509 854 874 508)
4(853 873 874 854)
4(834 839 859 854)
4(853 854 859 858)
4(838 858 859 839)
4(819 824 844 839)
4(838 839 844 843)
4(823 843 844 824)
4(804 809 829 824)
4(823 824 829 828)
4(853 858 878 873)
4(857 877 878 858)
4(838 843 863 858)
4(857 858 863 862)
4(842 862 863 843)
4(823 828 848 843)
4(842 843 848 847)
4(857 862 882 877)
4(861 881 882 862)
4(842 847 867 862)
4(861 862 867 866)
4(510 103 104 511)
4(511 104 106 855)
4(835 855 106 144)
4(835 144 145 840)
4(820 840 145 146)
4(820 146 116 825)
4(805 825 116 118)
4(805 118 117 810)
4(511 855 875 510)
4(854 874 875 855)
4(835 840 860 855)
4(854 855 860 859)
4(839 859 860 840)
4(820 825 845 840)
4(839 840 845 844)
4(824 844 845 825)
4(805 810 830 825)
4(824 825 830 829)
4(854 859 879 874)
4(858 878 879 859)
4(839 844 864 859)
4(858 859 864 863)
4(843 863 864 844)
4(824 829 849 844)
4(843 844 849 848)
4(858 863 883 878)
4(862 882 883 863)
4(843 848 868 863)
4(862 863 868 867)
4(862 867 887 882)
4(855 875 105 106)
4(855 106 108 860)
4(840 860 108 145)
4(840 145 114 845)
4(825 845 114 116)
4(825 116 115 830)
4(855 860 880 875)
4(859 879 880 860)
4(840 845 865 860)
4(859 860 865 864)
4(844 864 865 845)
4(825 830 850 845)
4(844 845 850 849)
4(859 864 884 879)
4(863 883 884 864)
4(844 849 869 864)
4(863 864 869 868)
4(863 868 888 883)
4(860 880 107 108)
4(860 108 110 865)
4(845 865 110 114)
4(845 114 113 850)
4(860 865 885 880)
4(864 884 885 865)
4(845 850 870 865)
4(864 865 870 869)
4(864 869 889 884)
4(865 885 109 110)
4(865 110 112 870)
4(865 870 890 885)
4(1008 1012 1028 1024)
4(1 2 1028 1012)
4(3 1024 1028 2)
4(1009 1013 1029 1025)
4(1012 1028 1029 1013)
4(1024 1025 1029 1028)
4(1012 1016 1032 1028)
4(4 5 1032 1016)
4(2 1028 1032 5)
4(1024 1028 1044 1040)
4(2 55 1044 1028)
4(54 1040 1044 55)
4(1010 1014 1030 1026)
4(1013 1029 1030 1014)
4(1025 1026 1030 1029)
4(1013 1017 1033 1029)
4(1016 1032 1033 1017)
4(1028 1029 1033 1032)
4(1025 1029 1045 1041)
4(1028 1044 1045 1029)
4(1040 1041 1045 1044)
4(1016 1020 1036 1032)
4(6 7 1036 1020)
4(5 1032 1036 7)
4(1028 1032 1048 1044)
4(5 56 1048 1032)
4(55 1044 1048 56)
4(1040 1044 1060 1056)
4(55 53 1060 1044)
4(52 1056 1060 53)
4(1011 1015 1031 1027)
4(1014 1030 1031 1015)
4(1026 1027 1031 1030)
4(1014 1018 1034 1030)
4(1017 1033 1034 1018)
4(1029 1030 1034 1033)
4(1026 1030 1046 1042)
4(1029 1045 1046 1030)
4(1041 1042 1046 1045)
4(1017 1021 1037 1033)
4(1020 1036 1037 1021)
4(1032 1033 1037 1036)
4(1029 1033 1049 1045)
4(1032 1048 1049 1033)
4(1044 1045 1049 1048)
4(1041 1045 1061 1057)
4(1044 1060 1061 1045)
4(1056 1057 1061 1060)
4(1020 973 972 1036)
4(7 1036 972 9)
4(8 9 972 973)
4(1032 1036 1052 1048)
4(7 57 1052 1036)
4(56 1048 1052 57)
4(1044 1048 1064 1060)
4(56 71 1064 1048)
4(53 1060 1064 71)
4(1056 1060 1076 1072)
4(53 51 1076 1060)
4(50 1072 1076 51)
4(1015 1031 893 892)
4(1027 894 893 1031)
4(891 892 893 894)
4(1015 1019 1035 1031)
4(1018 1034 1035 1019)
4(1030 1031 1035 1034)
4(1027 1031 1047 1043)
4(1030 1046 1047 1031)
4(1042 1043 1047 1046)
4(1018 1022 1038 1034)
4(1021 1037 1038 1022)
4(1033 1034 1038 1037)
4(1030 1034 1050 1046)
4(1033 1049 1050 1034)
4(1045 1046 1050 1049)
4(1042 1046 1062 1058)
4(1045 1061 1062 1046)
4(1057 1058 1062 1061)
4(1021 991 992 1037)
4(1036 1037 992 972)
4(991 973 972 992)
4(1033 1037 1053 1049)
4(1036 1052 1053 1037)
4(1048 1049 1053 1052)
4(1045 1049 1065 1061)
4(1048 1064 1065 1049)
4(1060 1061 1065 1064)
4(1057 1061 1077 1073)
4(1060 1076 1077 1061)
4(1072 1073 1077 1076)
4(1036 972 974 1052)
4(57 1052 974 58)
4(9 58 974 972)
4(973 1152 1168 972)
4(9 972 1168 11)
4(10 11 1168 1152)
4(1048 1052 1068 1064)
4(57 72 1068 1052)
4(71 1064 1068 72)
4(1060 1064 1080 1076)
4(71 70 1080 1064)
4(51 1076 1080 70)
4(1072 1076 1092 1088)
4(51 49 1092 1076)
4(48 1088 1092 49)
4(1019 1035 896 895)
4(1031 893 896 1035)
4(892 895 896 893)
4(1031 1047 946 893)
4(1043 945 946 1047)
4(945 894 893 946)
4(1019 1023 1039 1035)
4(1022 1038 1039 1023)
4(1034 1035 1039 1038)
4(1031 1035 1051 1047)
4(1034 1050 1051 1035)
4(1046 1047 1051 1050)
4(1043 1047 1063 1059)
4(1046 1062 1063 1047)
4(1058 1059 1063 1062)
4(1022 989 990 1038)
4(1037 1038 990 992)
4(989 991 992 990)
4(1034 1038 1054 1050)
4(1037 1053 1054 1038)
4(1049 1050 1054 1053)
4(1046 1050 1066 1062)
4(1049 1065 1066 1050)
4(1061 1062 1066 1065)
4(1058 1062 1078 1074)
4(1061 1077 1078 1062)
4(1073 1074 1078 1077)
4(1037 992 993 1053)
4(1052 1053 993 974)
4(972 974 993 992)
4(991 1153 1169 992)
4(972 992 1169 1168)
4(1152 1168 1169 1153)
4(1049 1053 1069 1065)
4(1052 1068 1069 1053)
4(1064 1065 1069 1068)
4(1061 1065 1081 1077)
4(1064 1080 1081 1065)
4(1076 1077 1081 1080)
4(1073 1077 1093 1089)
4(1076 1092 1093 1077)
4(1088 1089 1093 1092)
4(1052 974 975 1068)
4(72 1068 975 73)
4(58 73 975 974)
4(972 1168 1184 974)
4(58 974 1184 59)
4(11 59 1184 1168)
4(1152 1156 1172 1168)
4(11 1168 1172 13)
4(12 13 1172 1156)
4(1064 1068 1084 1080)
4(72 79 1084 1068)
4(70 1080 1084 79)
4(1076 1080 1096 1092)
4(70 69 1096 1080)
4(49 1092 1096 69)
4(1088 1092 1108 1104)
4(49 47 1108 1092)
4(46 1104 1108 47)
4(1023 1039 898 897)
4(1035 896 898 1039)
4(895 897 898 896)
4(1035 1051 947 896)
4(1047 946 947 1051)
4(893 896 947 946)
4(1047 1063 944 946)
4(1059 943 944 1063)
4(943 945 946 944)
4(1023 987 988 1039)
4(1038 1039 988 990)
4(987 989 990 988)
4(1035 1039 1055 1051)
4(1038 1054 1055 1039)
4(1050 1051 1055 1054)
4(1047 1051 1067 1063)
4(1050 1066 1067 1051)
4(1062 1063 1067 1066)
4(1059 1063 1079 1075)
4(1062 1078 1079 1063)
4(1074 1075 1079 1078)
4(1038 990 1001 1054)
4(1053 1054 1001 993)
4(990 992 993 1001)
4(989 1154 1170 990)
4(992 990 1170 1169)
4(1153 1169 1170 1154)
4(1050 1054 1070 1066)
4(1053 1069 1070 1054)
4(1065 1066 1070 1069)
4(1062 1066 1082 1078)
4(1065 1081 1082 1066)
4(1077 1078 1082 1081)
4(1074 1078 1094 1090)
4(1077 1093 1094 1078)
4(1089 1090 1094 1093)
4(1053 993 994 1069)
4(1068 1069 994 975)
4(974 975 994 993)
4(992 1169 1185 993)
4(974 993 1185 1184)
4(1168 1184 1185 1169)
4(1153 1157 1173 1169)
4(1168 1169 1173 1172)
4(1156 1172 1173 1157)
4(1065 1069 1085 1081)
4(1068 1084 1085 1069)
4(1080 1081 1085 1084)
4(1077 1081 1097 1093)
4(1080 1096 1097 1081)
4(1092 1093 1097 1096)
4(1089 1093 1109 1105)
4(1092 1108 1109 1093)
4(1104 1105 1109 1108)
4(1068 975 976 1084)
4(79 1084 976 80)
4(73 80 976 975)
4(974 1184 1200 975)
4(73 975 1200 74)
4(59 74 1200 1184)
4(1168 1172 1188 1184)
4(59 1184 1188 60)
4(13 60 1188 1172)
4(1156 1160 1176 1172)
4(13 1172 1176 15)
4(14 15 1176 1160)
4(1080 1084 1100 1096)
4(79 78 1100 1084)
4(69 1096 1100 78)
4(1092 1096 1112 1108)
4(69 68 1112 1096)
4(47 1108 1112 68)
4(1104 1108 1124 1120)
4(47 43 1124 1108)
4(45 1120 1124 43)
4(1039 898 900 988)
4(899 987 988 900)
4(897 899 900 898)
4(1039 1055 948 898)
4(1051 947 948 1055)
4(896 898 948 947)
4(1051 1067 962 947)
4(1063 944 962 1067)
4(944 946 947 962)
4(1063 1079 942 944)
4(1075 941 942 1079)
4(941 943 944 942)
4(1039 988 1000 1055)
4(1054 1055 1000 1001)
4(988 990 1001 1000)
4(987 1155 1171 988)
4(990 988 1171 1170)
4(1154 1170 1171 1155)
4(1051 1055 1071 1067)
4(1054 1070 1071 1055)
4(1066 1067 1071 1070)
4(1063 1067 1083 1079)
4(1066 1082 1083 1067)
4(1078 1079 1083 1082)
4(1075 1079 1095 1091)
4(1078 1094 1095 1079)
4(1090 1091 1095 1094)
4(1054 1001 1002 1070)
4(1069 1070 1002 994)
4(993 994 1002 1001)
4(990 1170 1186 1001)
4(993 1001 1186 1185)
4(1169 1185 1186 1170)
4(1154 1158 1174 1170)
4(1169 1170 1174 1173)
4(1157 1173 1174 1158)
4(1066 1070 1086 1082)
4(1069 1085 1086 1070)
4(1081 1082 1086 1085)
4(1078 1082 1098 1094)
4(1081 1097 1098 1082)
4(1093 1094 1098 1097)
4(1090 1094 1110 1106)
4(1093 1109 1110 1094)
4(1105 1106 1110 1109)
4(1069 994 995 1085)
4(1084 1085 995 976)
4(975 976 995 994)
4(993 1185 1201 994)
4(975 994 1201 1200)
4(1184 1200 1201 1185)
4(1169 1173 1189 1185)
4(1184 1185 1189 1188)
4(1172 1188 1189 1173)
4(1157 1161 1177 1173)
4(1172 1173 1177 1176)
4(1160 1176 1177 1161)
4(1081 1085 1101 1097)
4(1084 1100 1101 1085)
4(1096 1097 1101 1100)
4(1093 1097 1113 1109)
4(1096 1112 1113 1097)
4(1108 1109 1113 1112)
4(1105 1109 1125 1121)
4(1108 1124 1125 1109)
4(1120 1121 1125 1124)
4(1084 976 977 1100)
4(78 1100 977 77)
4(80 77 977 976)
4(975 1200 1216 976)
4(80 976 1216 75)
4(74 75 1216 1200)
4(1184 1188 1204 1200)
4(74 1200 1204 61)
4(60 61 1204 1188)
4(1172 1176 1192 1188)
4(60 1188 1192 19)
4(15 19 1192 1176)
4(1160 1164 1180 1176)
4(15 1176 1180 17)
4(1096 1100 1116 1112)
4(78 67 1116 1100)
4(68 1112 1116 67)
4(1108 1112 1128 1124)
4(68 41 1128 1112)
4(43 1124 1128 41)
4(1120 1124 1140 1136)
4(43 42 1140 1124)
4(1055 948 949 1000)
4(900 988 1000 949)
4(898 900 949 948)
4(988 900 902 1171)
4(1155 1171 902 901)
4(899 901 902 900)
4(1055 1071 963 948)
4(1067 962 963 1071)
4(947 948 963 962)
4(1067 1083 961 962)
4(1079 942 961 1083)
4(942 944 962 961)
4(1079 1095 940 942)
4(1091 939 940 1095)
4(939 941 942 940)
4(1055 1000 1006 1071)
4(1070 1071 1006 1002)
4(1000 1001 1002 1006)
4(988 1171 1187 1000)
4(1001 1000 1187 1186)
4(1170 1186 1187 1171)
4(1155 1159 1175 1171)
4(1170 1171 1175 1174)
4(1158 1174 1175 1159)
4(1067 1071 1087 1083)
4(1070 1086 1087 1071)
4(1082 1083 1087 1086)
4(1079 1083 1099 1095)
4(1082 1098 1099 1083)
4(1094 1095 1099 1098)
4(1091 1095 1111 1107)
4(1094 1110 1111 1095)
4(1106 1107 1111 1110)
4(1070 1002 1003 1086)
4(1085 1086 1003 995)
4(994 995 1003 1002)
4(1001 1186 1202 1002)
4(994 1002 1202 1201)
4(1185 1201 1202 1186)
4(1170 1174 1190 1186)
4(1185 1186 1190 1189)
4(1173 1189 1190 1174)
4(1158 1162 1178 1174)
4(1173 1174 1178 1177)
4(1161 1177 1178 1162)
4(1082 1086 1102 1098)
4(1085 1101 1102 1086)
4(1097 1098 1102 1101)
4(1094 1098 1114 1110)
4(1097 1113 1114 1098)
4(1109 1110 1114 1113)
4(1106 1110 1126 1122)
4(1109 1125 1126 1110)
4(1121 1122 1126 1125)
4(1085 995 996 1101)
4(1100 1101 996 977)
4(976 977 996 995)
4(994 1201 1217 995)
4(976 995 1217 1216)
4(1200 1216 1217 1201)
4(1185 1189 1205 1201)
4(1200 1201 1205 1204)
4(1188 1204 1205 1189)
4(1173 1177 1193 1189)
4(1188 1189 1193 1192)
4(1176 1192 1193 1177)
4(1161 1165 1181 1177)
4(1176 1177 1181 1180)
4(1097 1101 1117 1113)
4(1100 1116 1117 1101)
4(1112 1113 1117 1116)
4(1109 1113 1129 1125)
4(1112 1128 1129 1113)
4(1124 1125 1129 1128)
4(1121 1125 1141 1137)
4(1124 1140 1141 1125)
4(1100 977 978 1116)
4(67 1116 978 66)
4(77 66 978 977)
4(976 1216 1232 977)
4(77 977 1232 76)
4(75 76 1232 1216)
4(1200 1204 1220 1216)
4(75 1216 1220 62)
4(61 62 1220 1204)
4(1188 1192 1208 1204)
4(61 1204 1208 21)
4(19 21 1208 1192)
4(1176 1180 1196 1192)
4(19 1192 1196 18)
4(1112 1116 1132 1128)
4(67 39 1132 1116)
4(41 1128 1132 39)
4(1124 1128 1144 1140)
4(41 40 1144 1128)
4(1071 963 964 1006)
4(949 1000 1006 964)
4(948 949 964 963)
4(1000 949 950 1187)
4(1171 1187 950 902)
4(900 902 950 949)
4(1171 902 904 1175)
4(1159 1175 904 903)
4(901 903 904 902)
4(1071 1087 970 963)
4(1083 961 970 1087)
4(961 962 963 970)
4(1083 1099 960 961)
4(1095 940 960 1099)
4(940 942 961 960)
4(1095 1111 938 940)
4(1107 937 938 1111)
4(937 939 940 938)
4(1071 1006 1007 1087)
4(1086 1087 1007 1003)
4(1002 1003 1007 1006)
4(1000 1187 1203 1006)
4(1002 1006 1203 1202)
4(1186 1202 1203 1187)
4(1171 1175 1191 1187)
4(1186 1187 1191 1190)
4(1174 1190 1191 1175)
4(1159 1163 1179 1175)
4(1174 1175 1179 1178)
4(1162 1178 1179 1163)
4(1083 1087 1103 1099)
4(1086 1102 1103 1087)
4(1098 1099 1103 1102)
4(1095 1099 1115 1111)
4(1098 1114 1115 1099)
4(1110 1111 1115 1114)
4(1107 1111 1127 1123)
4(1110 1126 1127 1111)
4(1122 1123 1127 1126)
4(1086 1003 1004 1102)
4(1101 1102 1004 996)
4(995 996 1004 1003)
4(1002 1202 1218 1003)
4(995 1003 1218 1217)
4(1201 1217 1218 1202)
4(1186 1190 1206 1202)
4(1201 1202 1206 1205)
4(1189 1205 1206 1190)
4(1174 1178 1194 1190)
4(1189 1190 1194 1193)
4(1177 1193 1194 1178)
4(1162 1166 1182 1178)
4(1177 1178 1182 1181)
4(1098 1102 1118 1114)
4(1101 1117 1118 1102)
4(1113 1114 1118 1117)
4(1110 1114 1130 1126)
4(1113 1129 1130 1114)
4(1125 1126 1130 1129)
4(1122 1126 1142 1138)
4(1125 1141 1142 1126)
4(1101 996 997 1117)
4(1116 1117 997 978)
4(977 978 997 996)
4(995 1217 1233 996)
4(977 996 1233 1232)
4(1216 1232 1233 1217)
4(1201 1205 1221 1217)
4(1216 1217 1221 1220)
4(1204 1220 1221 1205)
4(1189 1193 1209 1205)
4(1204 1205 1209 1208)
4(1192 1208 1209 1193)
4(1177 1181 1197 1193)
4(1192 1193 1197 1196)
4(1113 1117 1133 1129)
4(1116 1132 1133 1117)
4(1128 1129 1133 1132)
4(1125 1129 1145 1141)
4(1128 1144 1145 1129)
4(1116 978 979 1132)
4(39 1132 979 37)
4(66 37 979 978)
4(977 1232 1248 978)
4(66 978 1248 65)
4(76 65 1248 1232)
4(1216 1220 1236 1232)
4(76 1232 1236 63)
4(62 63 1236 1220)
4(1204 1208 1224 1220)
4(62 1220 1224 23)
4(21 23 1224 1208)
4(1192 1196 1212 1208)
4(21 1208 1212 20)
4(1128 1132 1148 1144)
4(39 38 1148 1132)
4(1087 970 971 1007)
4(964 1006 1007 971)
4(963 964 971 970)
4(1006 964 965 1203)
4(1187 1203 965 950)
4(949 950 965 964)
4(1187 950 951 1191)
4(1175 1191 951 904)
4(902 904 951 950)
4(1175 904 906 1179)
4(1163 1179 906 905)
4(903 905 906 904)
4(1087 1103 969 970)
4(1099 960 969 1103)
4(960 961 970 969)
4(1099 1115 959 960)
4(1111 938 959 1115)
4(938 940 960 959)
4(1111 1127 934 938)
4(1123 936 934 1127)
4(936 937 938 934)
4(1087 1007 1005 1103)
4(1102 1103 1005 1004)
4(1003 1004 1005 1007)
4(1006 1203 1219 1007)
4(1003 1007 1219 1218)
4(1202 1218 1219 1203)
4(1187 1191 1207 1203)
4(1202 1203 1207 1206)
4(1190 1206 1207 1191)
4(1175 1179 1195 1191)
4(1190 1191 1195 1194)
4(1178 1194 1195 1179)
4(1163 1167 1183 1179)
4(1178 1179 1183 1182)
4(1099 1103 1119 1115)
4(1102 1118 1119 1103)
4(1114 1115 1119 1118)
4(1111 1115 1131 1127)
4(1114 1130 1131 1115)
4(1126 1127 1131 1130)
4(1123 1127 1143 1139)
4(1126 1142 1143 1127)
4(1102 1004 998 1118)
4(1117 1118 998 997)
4(996 997 998 1004)
4(1003 1218 1234 1004)
4(996 1004 1234 1233)
4(1217 1233 1234 1218)
4(1202 1206 1222 1218)
4(1217 1218 1222 1221)
4(1205 1221 1222 1206)
4(1190 1194 1210 1206)
4(1205 1206 1210 1209)
4(1193 1209 1210 1194)
4(1178 1182 1198 1194)
4(1193 1194 1198 1197)
4(1114 1118 1134 1130)
4(1117 1133 1134 1118)
4(1129 1130 1134 1133)
4(1126 1130 1146 1142)
4(1129 1145 1146 1130)
4(1117 997 982 1133)
4(1132 1133 982 979)
4(978 979 982 997)
4(996 1233 1249 997)
4(978 997 1249 1248)
4(1232 1248 1249 1233)
4(1217 1221 1237 1233)
4(1232 1233 1237 1236)
4(1220 1236 1237 1221)
4(1205 1209 1225 1221)
4(1220 1221 1225 1224)
4(1208 1224 1225 1209)
4(1193 1197 1213 1209)
4(1208 1209 1213 1212)
4(1129 1133 1149 1145)
4(1132 1148 1149 1133)
4(1132 979 980 1148)
4(37 36 980 979)
4(978 1248 1264 979)
4(37 979 1264 35)
4(65 35 1264 1248)
4(1232 1236 1252 1248)
4(65 1248 1252 64)
4(63 64 1252 1236)
4(1220 1224 1240 1236)
4(63 1236 1240 25)
4(23 25 1240 1224)
4(1208 1212 1228 1224)
4(23 1224 1228 22)
4(1103 969 968 1005)
4(1005 968 971 1007)
4(968 969 970 971)
4(1007 971 966 1219)
4(1203 1219 966 965)
4(964 965 966 971)
4(1203 965 952 1207)
4(1191 1207 952 951)
4(950 951 952 965)
4(1191 951 910 1195)
4(1179 1195 910 906)
4(904 906 910 951)
4(1179 906 908 1183)
4(905 907 908 906)
4(1103 1119 958 969)
4(1115 959 958 1119)
4(958 959 960 969)
4(1115 1131 932 959)
4(1127 934 932 1131)
4(932 934 938 959)
4(1127 1143 933 934)
4(933 935 936 934)
4(1103 1005 999 1119)
4(1118 1119 999 998)
4(998 999 1005 1004)
4(1007 1219 1235 1005)
4(1004 1005 1235 1234)
4(1218 1234 1235 1219)
4(1203 1207 1223 1219)
4(1218 1219 1223 1222)
4(1206 1222 1223 1207)
4(1191 1195 1211 1207)
4(1206 1207 1211 1210)
4(1194 1210 1211 1195)
4(1179 1183 1199 1195)
4(1194 1195 1199 1198)
4(1115 1119 1135 1131)
4(1118 1134 1135 1119)
4(1130 1131 1135 1134)
4(1127 1131 1147 1143)
4(1130 1146 1147 1131)
4(1118 998 984 1134)
4(1133 1134 984 982)
4(982 984 998 997)
4(1004 1234 1250 998)
4(997 998 1250 1249)
4(1233 1249 1250 1234)
4(1218 1222 1238 1234)
4(1233 1234 1238 1237)
4(1221 1237 1238 1222)
4(1206 1210 1226 1222)
4(1221 1222 1226 1225)
4(1209 1225 1226 1210)
4(1194 1198 1214 1210)
4(1209 1210 1214 1213)
4(1130 1134 1150 1146)
4(1133 1149 1150 1134)
4(1133 982 981 1149)
4(980 981 982 979)
4(997 1249 1265 982)
4(979 982 1265 1264)
4(1248 1264 1265 1249)
4(1233 1237 1253 1249)
4(1248 1249 1253 1252)
4(1236 1252 1253 1237)
4(1221 1225 1241 1237)
4(1236 1237 1241 1240)
4(1224 1240 1241 1225)
4(1209 1213 1229 1225)
4(1224 1225 1229 1228)
4(979 1264 1280 980)
4(35 34 1280 1264)
4(1248 1252 1268 1264)
4(35 1264 1268 33)
4(64 33 1268 1252)
4(1236 1240 1256 1252)
4(64 1252 1256 27)
4(25 27 1256 1240)
4(1224 1228 1244 1240)
4(25 1240 1244 24)
4(1119 958 957 999)
4(999 957 968 1005)
4(957 958 969 968)
4(1005 968 967 1235)
4(1219 1235 967 966)
4(966 967 968 971)
4(1219 966 953 1223)
4(1207 1223 953 952)
4(952 953 966 965)
4(1207 952 912 1211)
4(1195 1211 912 910)
4(910 912 952 951)
4(1195 910 909 1199)
4(908 909 910 906)
4(1119 1135 930 958)
4(1131 932 930 1135)
4(930 932 959 958)
4(1131 1147 931 932)
4(931 933 934 932)
4(1119 999 986 1135)
4(1134 1135 986 984)
4(984 986 999 998)
4(1005 1235 1251 999)
4(998 999 1251 1250)
4(1234 1250 1251 1235)
4(1219 1223 1239 1235)
4(1234 1235 1239 1238)
4(1222 1238 1239 1223)
4(1207 1211 1227 1223)
4(1222 1223 1227 1226)
4(1210 1226 1227 1211)
4(1195 1199 1215 1211)
4(1210 1211 1215 1214)
4(1131 1135 1151 1147)
4(1134 1150 1151 1135)
4(1134 984 983 1150)
4(981 983 984 982)
4(998 1250 1266 984)
4(982 984 1266 1265)
4(1249 1265 1266 1250)
4(1234 1238 1254 1250)
4(1249 1250 1254 1253)
4(1237 1253 1254 1238)
4(1222 1226 1242 1238)
4(1237 1238 1242 1241)
4(1225 1241 1242 1226)
4(1210 1214 1230 1226)
4(1225 1226 1230 1229)
4(982 1265 1281 981)
4(1264 1280 1281 1265)
4(1249 1253 1269 1265)
4(1264 1265 1269 1268)
4(1252 1268 1269 1253)
4(1237 1241 1257 1253)
4(1252 1253 1257 1256)
4(1240 1256 1257 1241)
4(1225 1229 1245 1241)
4(1240 1241 1245 1244)
4(1264 1268 1284 1280)
4(33 32 1284 1268)
4(1252 1256 1272 1268)
4(33 1268 1272 29)
4(27 29 1272 1256)
4(1240 1244 1260 1256)
4(27 1256 1260 26)
4(1135 930 928 986)
4(986 928 957 999)
4(928 930 958 957)
4(999 957 956 1251)
4(1235 1251 956 967)
4(956 957 968 967)
4(1235 967 954 1239)
4(1223 1239 954 953)
4(953 954 967 966)
4(1223 953 914 1227)
4(1211 1227 914 912)
4(912 914 953 952)
4(1211 912 911 1215)
4(909 911 912 910)
4(1135 1151 929 930)
4(929 931 932 930)
4(1135 986 985 1151)
4(983 985 986 984)
4(999 1251 1267 986)
4(984 986 1267 1266)
4(1250 1266 1267 1251)
4(1235 1239 1255 1251)
4(1250 1251 1255 1254)
4(1238 1254 1255 1239)
4(1223 1227 1243 1239)
4(1238 1239 1243 1242)
4(1226 1242 1243 1227)
4(1211 1215 1231 1227)
4(1226 1227 1231 1230)
4(984 1266 1282 983)
4(1265 1281 1282 1266)
4(1250 1254 1270 1266)
4(1265 1266 1270 1269)
4(1253 1269 1270 1254)
4(1238 1242 1258 1254)
4(1253 1254 1258 1257)
4(1241 1257 1258 1242)
4(1226 1230 1246 1242)
4(1241 1242 1246 1245)
4(1265 1269 1285 1281)
4(1268 1284 1285 1269)
4(1253 1257 1273 1269)
4(1268 1269 1273 1272)
4(1256 1272 1273 1257)
4(1241 1245 1261 1257)
4(1256 1257 1261 1260)
4(1268 1272 1288 1284)
4(29 31 1288 1272)
4(1256 1260 1276 1272)
4(29 1272 1276 28)
4(985 927 928 986)
4(927 929 930 928)
4(986 928 926 1267)
4(1251 1267 926 956)
4(926 928 957 956)
4(1251 956 955 1255)
4(1239 1255 955 954)
4(954 955 956 967)
4(1239 954 916 1243)
4(1227 1243 916 914)
4(914 916 954 953)
4(1227 914 913 1231)
4(911 913 914 912)
4(986 1267 1283 985)
4(1266 1282 1283 1267)
4(1251 1255 1271 1267)
4(1266 1267 1271 1270)
4(1254 1270 1271 1255)
4(1239 1243 1259 1255)
4(1254 1255 1259 1258)
4(1242 1258 1259 1243)
4(1227 1231 1247 1243)
4(1242 1243 1247 1246)
4(1266 1270 1286 1282)
4(1269 1285 1286 1270)
4(1254 1258 1274 1270)
4(1269 1270 1274 1273)
4(1257 1273 1274 1258)
4(1242 1246 1262 1258)
4(1257 1258 1262 1261)
4(1269 1273 1289 1285)
4(1272 1288 1289 1273)
4(1257 1261 1277 1273)
4(1272 1273 1277 1276)
4(1272 1276 1292 1288)
4(1267 1283 925 926)
4(925 927 928 926)
4(1267 926 924 1271)
4(1255 1271 924 955)
4(924 926 956 955)
4(1255 955 918 1259)
4(1243 1259 918 916)
4(916 918 955 954)
4(1243 916 915 1247)
4(913 915 916 914)
4(1267 1271 1287 1283)
4(1270 1286 1287 1271)
4(1255 1259 1275 1271)
4(1270 1271 1275 1274)
4(1258 1274 1275 1259)
4(1243 1247 1263 1259)
4(1258 1259 1263 1262)
4(1270 1274 1290 1286)
4(1273 1289 1290 1274)
4(1258 1262 1278 1274)
4(1273 1274 1278 1277)
4(1273 1277 1293 1289)
4(1271 1287 923 924)
4(923 925 926 924)
4(1271 924 920 1275)
4(1259 1275 920 918)
4(918 920 924 955)
4(1259 918 917 1263)
4(915 917 918 916)
4(1271 1275 1291 1287)
4(1274 1290 1291 1275)
4(1259 1263 1279 1275)
4(1274 1275 1279 1278)
4(1274 1278 1294 1290)
4(1275 1291 922 920)
4(922 923 924 920)
4(1275 920 919 1279)
4(917 919 920 918)
4(1275 1279 1295 1291)
4(919 921 922 920)
4(905 1351 1371 906)
4(1351 1356 1376 1371)
4(906 1371 1376 908)
4(903 1346 1366 904)
4(1346 1351 1371 1366)
4(904 1366 1371 906)
4(1351 1352 1372 1371)
4(1352 1357 1377 1372)
4(1371 1372 1377 1376)
4(906 1371 1391 910)
4(1371 1376 1396 1391)
4(910 1391 1396 909)
4(901 1341 1361 902)
4(1341 1346 1366 1361)
4(902 1361 1366 904)
4(1346 1347 1367 1366)
4(1347 1352 1372 1367)
4(1366 1367 1372 1371)
4(904 1366 1386 951)
4(1366 1371 1391 1386)
4(951 1386 1391 910)
4(1352 1353 1373 1372)
4(1353 1358 1378 1373)
4(1372 1373 1378 1377)
4(1371 1372 1392 1391)
4(1372 1377 1397 1392)
4(1391 1392 1397 1396)
4(910 1391 1411 912)
4(1391 1396 1416 1411)
4(912 1411 1416 911)
4(1325 1341 1361 1324)
4(900 1324 1361 902)
4(1325 1324 900 899)
4(1341 1342 1362 1361)
4(1342 1347 1367 1362)
4(1361 1362 1367 1366)
4(902 1361 1381 950)
4(1361 1366 1386 1381)
4(950 1381 1386 951)
4(1347 1348 1368 1367)
4(1348 1353 1373 1368)
4(1367 1368 1373 1372)
4(1366 1367 1387 1386)
4(1367 1372 1392 1387)
4(1386 1387 1392 1391)
4(951 1386 1406 952)
4(1386 1391 1411 1406)
4(952 1406 1411 912)
4(1353 1354 1374 1373)
4(1354 1359 1379 1374)
4(1373 1374 1379 1378)
4(1372 1373 1393 1392)
4(1373 1378 1398 1393)
4(1392 1393 1398 1397)
4(1391 1392 1412 1411)
4(1392 1397 1417 1412)
4(1411 1412 1417 1416)
4(912 1411 1431 914)
4(1411 1416 1436 1431)
4(914 1431 1436 913)
4(1323 1342 1362 1322)
4(1324 1322 1362 1361)
4(1323 1322 1324 1325)
4(1324 1361 1381 1334)
4(949 1334 1381 950)
4(1324 1334 949 900)
4(1536 1325 1324 1556)
4(898 1556 1324 900)
4(897 1536 1556 898)
4(1342 1343 1363 1362)
4(1343 1348 1368 1363)
4(1362 1363 1368 1367)
4(1361 1362 1382 1381)
4(1362 1367 1387 1382)
4(1381 1382 1387 1386)
4(950 1381 1401 965)
4(1381 1386 1406 1401)
4(965 1401 1406 952)
4(1348 1349 1369 1368)
4(1349 1354 1374 1369)
4(1368 1369 1374 1373)
4(1367 1368 1388 1387)
4(1368 1373 1393 1388)
4(1387 1388 1393 1392)
4(1386 1387 1407 1406)
4(1387 1392 1412 1407)
4(1406 1407 1412 1411)
4(952 1406 1426 953)
4(1406 1411 1431 1426)
4(953 1426 1431 914)
4(1354 1355 1375 1374)
4(1374 1375 1380 1379)
4(1373 1374 1394 1393)
4(1374 1379 1399 1394)
4(1393 1394 1399 1398)
4(1392 1393 1413 1412)
4(1393 1398 1418 1413)
4(1412 1413 1418 1417)
4(1411 1412 1432 1431)
4(1412 1417 1437 1432)
4(1431 1432 1437 1436)
4(914 1431 1451 916)
4(1431 1436 1456 1451)
4(916 1451 1456 915)
4(1321 1343 1363 1320)
4(1322 1320 1363 1362)
4(1321 1320 1322 1323)
4(1322 1362 1382 1333)
4(1334 1333 1382 1381)
4(1322 1333 1334 1324)
4(1537 1323 1322 1557)
4(1556 1557 1322 1324)
4(1536 1537 1557 1556)
4(1334 1381 1401 1339)
4(964 1339 1401 965)
4(1334 1339 964 949)
4(1556 1324 1334 1576)
4(948 1576 1334 949)
4(898 1556 1576 948)
4(1531 1536 1556 1551)
4(896 1551 1556 898)
4(895 1531 1551 896)
4(1343 1344 1364 1363)
4(1344 1349 1369 1364)
4(1363 1364 1369 1368)
4(1362 1363 1383 1382)
4(1363 1368 1388 1383)
4(1382 1383 1388 1387)
4(1381 1382 1402 1401)
4(1382 1387 1407 1402)
4(1401 1402 1407 1406)
4(965 1401 1421 966)
4(1401 1406 1426 1421)
4(966 1421 1426 953)
4(1349 1350 1370 1369)
4(1369 1370 1375 1374)
4(1368 1369 1389 1388)
4(1369 1374 1394 1389)
4(1388 1389 1394 1393)
4(1387 1388 1408 1407)
4(1388 1393 1413 1408)
4(1407 1408 1413 1412)
4(1406 1407 1427 1426)
4(1407 1412 1432 1427)
4(1426 1427 1432 1431)
4(953 1426 1446 954)
4(1426 1431 1451 1446)
4(954 1446 1451 916)
4(1374 1375 1395 1394)
4(1394 1395 1400 1399)
4(1393 1394 1414 1413)
4(1394 1399 1419 1414)
4(1413 1414 1419 1418)
4(1412 1413 1433 1432)
4(1413 1418 1438 1433)
4(1432 1433 1438 1437)
4(1431 1432 1452 1451)
4(1432 1437 1457 1452)
4(1451 1452 1457 1456)
4(916 1451 1471 918)
4(1451 1456 1476 1471)
4(918 1471 1476 917)
4(1318 1344 1364 1316)
4(1320 1316 1364 1363)
4(1318 1316 1320 1321)
4(1320 1363 1383 1332)
4(1333 1332 1383 1382)
4(1320 1332 1333 1322)
4(1538 1321 1320 1558)
4(1557 1558 1320 1322)
4(1537 1538 1558 1557)
4(1333 1382 1402 1338)
4(1339 1338 1402 1401)
4(1333 1338 1339 1334)
4(1557 1322 1333 1577)
4(1576 1577 1333 1334)
4(1556 1557 1577 1576)
4(1532 1537 1557 1552)
4(1551 1552 1557 1556)
4(1531 1532 1552 1551)
4(1339 1401 1421 1340)
4(971 1340 1421 966)
4(1339 1340 971 964)
4(1576 1334 1339 1596)
4(963 1596 1339 964)
4(948 1576 1596 963)
4(1551 1556 1576 1571)
4(947 1571 1576 948)
4(896 1551 1571 947)
4(1526 1531 1551 1546)
4(893 1546 1551 896)
4(892 1526 1546 893)
4(1344 1345 1365 1364)
4(1364 1365 1370 1369)
4(1363 1364 1384 1383)
4(1364 1369 1389 1384)
4(1383 1384 1389 1388)
4(1382 1383 1403 1402)
4(1383 1388 1408 1403)
4(1402 1403 1408 1407)
4(1401 1402 1422 1421)
4(1402 1407 1427 1422)
4(1421 1422 1427 1426)
4(966 1421 1441 967)
4(1421 1426 1446 1441)
4(967 1441 1446 954)
4(1369 1370 1390 1389)
4(1389 1390 1395 1394)
4(1388 1389 1409 1408)
4(1389 1394 1414 1409)
4(1408 1409 1414 1413)
4(1407 1408 1428 1427)
4(1408 1413 1433 1428)
4(1427 1428 1433 1432)
4(1426 1427 1447 1446)
4(1427 1432 1452 1447)
4(1446 1447 1452 1451)
4(954 1446 1466 955)
4(1446 1451 1471 1466)
4(955 1466 1471 918)
4(1394 1395 1415 1414)
4(1414 1415 1420 1419)
4(1413 1414 1434 1433)
4(1414 1419 1439 1434)
4(1433 1434 1439 1438)
4(1432 1433 1453 1452)
4(1433 1438 1458 1453)
4(1452 1453 1458 1457)
4(1451 1452 1472 1471)
4(1452 1457 1477 1472)
4(1471 1472 1477 1476)
4(918 1471 1491 920)
4(1471 1476 1496 1491)
4(920 1491 1496 919)
4(1316 1317 1365 1364)
4(1317 1316 1318 1319)
4(1316 1364 1384 1314)
4(1332 1314 1384 1383)
4(1314 1332 1320 1316)
4(1539 1318 1316 1559)
4(1558 1559 1316 1320)
4(1538 1539 1559 1558)
4(1332 1383 1403 1331)
4(1338 1331 1403 1402)
4(1331 1338 1333 1332)
4(1558 1320 1332 1578)
4(1577 1578 1332 1333)
4(1557 1558 1578 1577)
4(1533 1538 1558 1553)
4(1552 1553 1558 1557)
4(1532 1533 1553 1552)
4(1338 1402 1422 1337)
4(1340 1337 1422 1421)
4(1337 1340 1339 1338)
4(1577 1333 1338 1597)
4(1596 1597 1338 1339)
4(1576 1577 1597 1596)
4(1552 1557 1577 1572)
4(1571 1572 1577 1576)
4(1551 1552 1572 1571)
4(1527 1532 1552 1547)
4(1546 1547 1552 1551)
4(1526 1527 1547 1546)
4(1340 1421 1441 1335)
4(968 1335 1441 967)
4(968 971 1340 1335)
4(1596 1339 1340 1616)
4(970 1616 1340 971)
4(963 1596 1616 970)
4(1571 1576 1596 1591)
4(962 1591 1596 963)
4(947 1571 1591 962)
4(1546 1551 1571 1566)
4(946 1566 1571 947)
4(893 1546 1566 946)
4(1521 1526 1546 1541)
4(894 1541 1546 893)
4(1364 1365 1385 1384)
4(1384 1385 1390 1389)
4(1383 1384 1404 1403)
4(1384 1389 1409 1404)
4(1403 1404 1409 1408)
4(1402 1403 1423 1422)
4(1403 1408 1428 1423)
4(1422 1423 1428 1427)
4(1421 1422 1442 1441)
4(1422 1427 1447 1442)
4(1441 1442 1447 1446)
4(967 1441 1461 956)
4(1441 1446 1466 1461)
4(956 1461 1466 955)
4(1389 1390 1410 1409)
4(1409 1410 1415 1414)
4(1408 1409 1429 1428)
4(1409 1414 1434 1429)
4(1428 1429 1434 1433)
4(1427 1428 1448 1447)
4(1428 1433 1453 1448)
4(1447 1448 1453 1452)
4(1446 1447 1467 1466)
4(1447 1452 1472 1467)
4(1466 1467 1472 1471)
4(955 1466 1486 924)
4(1466 1471 1491 1486)
4(924 1486 1491 920)
4(1414 1415 1435 1434)
4(1434 1435 1440 1439)
4(1433 1434 1454 1453)
4(1434 1439 1459 1454)
4(1453 1454 1459 1458)
4(1452 1453 1473 1472)
4(1453 1458 1478 1473)
4(1472 1473 1478 1477)
4(1471 1472 1492 1491)
4(1472 1477 1497 1492)
4(1491 1492 1497 1496)
4(920 1491 1511 922)
4(1491 1496 1516 1511)
4(1314 1315 1385 1384)
4(1315 1314 1316 1317)
4(1559 1560 1317 1316)
4(1539 1540 1560 1559)
4(1314 1384 1404 1312)
4(1331 1312 1404 1403)
4(1312 1331 1332 1314)
4(1559 1316 1314 1579)
4(1578 1579 1314 1332)
4(1558 1559 1579 1578)
4(1534 1539 1559 1554)
4(1553 1554 1559 1558)
4(1533 1534 1554 1553)
4(1331 1403 1423 1330)
4(1337 1330 1423 1422)
4(1330 1337 1338 1331)
4(1578 1332 1331 1598)
4(1597 1598 1331 1338)
4(1577 1578 1598 1597)
4(1553 1558 1578 1573)
4(1572 1573 1578 1577)
4(1552 1553 1573 1572)
4(1528 1533 1553 1548)
4(1547 1548 1553 1552)
4(1527 1528 1548 1547)
4(1337 1422 1442 1336)
4(1335 1336 1442 1441)
4(1335 1340 1337 1336)
4(1597 1338 1337 1617)
4(1616 1617 1337 1340)
4(1596 1597 1617 1616)
4(1572 1577 1597 1592)
4(1591 1592 1597 1596)
4(1571 1572 1592 1591)
4(1547 1552 1572 1567)
4(1566 1567 1572 1571)
4(1546 1547 1567 1566)
4(1522 1527 1547 1542)
4(1541 1542 1547 1546)
4(1335 1441 1461 1326)
4(957 1326 1461 956)
4(957 968 1335 1326)
4(1616 1340 1335 1636)
4(969 1636 1335 968)
4(970 1616 1636 969)
4(1591 1596 1616 1611)
4(961 1611 1616 970)
4(962 1591 1611 961)
4(1566 1571 1591 1586)
4(944 1586 1591 962)
4(946 1566 1586 944)
4(1541 1546 1566 1561)
4(945 1561 1566 946)
4(1384 1385 1405 1404)
4(1404 1405 1410 1409)
4(1403 1404 1424 1423)
4(1404 1409 1429 1424)
4(1423 1424 1429 1428)
4(1422 1423 1443 1442)
4(1423 1428 1448 1443)
4(1442 1443 1448 1447)
4(1441 1442 1462 1461)
4(1442 1447 1467 1462)
4(1461 1462 1467 1466)
4(956 1461 1481 926)
4(1461 1466 1486 1481)
4(926 1481 1486 924)
4(1409 1410 1430 1429)
4(1429 1430 1435 1434)
4(1428 1429 1449 1448)
4(1429 1434 1454 1449)
4(1448 1449 1454 1453)
4(1447 1448 1468 1467)
4(1448 1453 1473 1468)
4(1467 1468 1473 1472)
4(1466 1467 1487 1486)
4(1467 1472 1492 1487)
4(1486 1487 1492 1491)
4(924 1486 1506 923)
4(1486 1491 1511 1506)
4(1434 1435 1455 1454)
4(1454 1455 1460 1459)
4(1453 1454 1474 1473)
4(1454 1459 1479 1474)
4(1473 1474 1479 1478)
4(1472 1473 1493 1492)
4(1473 1478 1498 1493)
4(1492 1493 1498 1497)
4(1491 1492 1512 1511)
4(1492 1497 1517 1512)
4(1312 1313 1405 1404)
4(1313 1312 1314 1315)
4(1579 1580 1315 1314)
4(1559 1560 1580 1579)
4(1554 1555 1560 1559)
4(1534 1535 1555 1554)
4(1312 1404 1424 1310)
4(1330 1310 1424 1423)
4(1310 1330 1331 1312)
4(1579 1314 1312 1599)
4(1598 1599 1312 1331)
4(1578 1579 1599 1598)
4(1554 1559 1579 1574)
4(1573 1574 1579 1578)
4(1553 1554 1574 1573)
4(1529 1534 1554 1549)
4(1548 1549 1554 1553)
4(1528 1529 1549 1548)
4(1330 1423 1443 1329)
4(1336 1329 1443 1442)
4(1329 1336 1337 1330)
4(1598 1331 1330 1618)
4(1617 1618 1330 1337)
4(1597 1598 1618 1617)
4(1573 1578 1598 1593)
4(1592 1593 1598 1597)
4(1572 1573 1593 1592)
4(1548 1553 1573 1568)
4(1567 1568 1573 1572)
4(1547 1548 1568 1567)
4(1523 1528 1548 1543)
4(1542 1543 1548 1547)
4(1336 1442 1462 1327)
4(1326 1327 1462 1461)
4(1326 1335 1336 1327)
4(1617 1337 1336 1637)
4(1636 1637 1336 1335)
4(1616 1617 1637 1636)
4(1592 1597 1617 1612)
4(1611 1612 1617 1616)
4(1591 1592 1612 1611)
4(1567 1572 1592 1587)
4(1586 1587 1592 1591)
4(1566 1567 1587 1586)
4(1542 1547 1567 1562)
4(1561 1562 1567 1566)
4(1326 1461 1481 1296)
4(928 1296 1481 926)
4(928 957 1326 1296)
4(1636 1335 1326 1656)
4(958 1656 1326 957)
4(969 1636 1656 958)
4(1611 1616 1636 1631)
4(960 1631 1636 969)
4(961 1611 1631 960)
4(1586 1591 1611 1606)
4(942 1606 1611 961)
4(944 1586 1606 942)
4(1561 1566 1586 1581)
4(943 1581 1586 944)
4(1404 1405 1425 1424)
4(1424 1425 1430 1429)
4(1423 1424 1444 1443)
4(1424 1429 1449 1444)
4(1443 1444 1449 1448)
4(1442 1443 1463 1462)
4(1443 1448 1468 1463)
4(1462 1463 1468 1467)
4(1461 1462 1482 1481)
4(1462 1467 1487 1482)
4(1481 1482 1487 1486)
4(926 1481 1501 925)
4(1481 1486 1506 1501)
4(1429 1430 1450 1449)
4(1449 1450 1455 1454)
4(1448 1449 1469 1468)
4(1449 1454 1474 1469)
4(1468 1469 1474 1473)
4(1467 1468 1488 1487)
4(1468 1473 1493 1488)
4(1487 1488 1493 1492)
4(1486 1487 1507 1506)
4(1487 1492 1512 1507)
4(1454 1455 1475 1474)
4(1474 1475 1480 1479)
4(1473 1474 1494 1493)
4(1474 1479 1499 1494)
4(1493 1494 1499 1498)
4(1492 1493 1513 1512)
4(1493 1498 1518 1513)
4(1310 1311 1425 1424)
4(1311 1310 1312 1313)
4(1599 1600 1313 1312)
4(1579 1580 1600 1599)
4(1574 1575 1580 1579)
4(1554 1555 1575 1574)
4(1549 1550 1555 1554)
4(1529 1530 1550 1549)
4(1310 1424 1444 1308)
4(1329 1308 1444 1443)
4(1308 1329 1330 1310)
4(1599 1312 1310 1619)
4(1618 1619 1310 1330)
4(1598 1599 1619 1618)
4(1574 1579 1599 1594)
4(1593 1594 1599 1598)
4(1573 1574 1594 1593)
4(1549 1554 1574 1569)
4(1568 1569 1574 1573)
4(1548 1549 1569 1568)
4(1524 1529 1549 1544)
4(1543 1544 1549 1548)
4(1329 1443 1463 1328)
4(1327 1328 1463 1462)
4(1327 1336 1329 1328)
4(1618 1330 1329 1638)
4(1637 1638 1329 1336)
4(1617 1618 1638 1637)
4(1593 1598 1618 1613)
4(1612 1613 1618 1617)
4(1592 1593 1613 1612)
4(1568 1573 1593 1588)
4(1587 1588 1593 1592)
4(1567 1568 1588 1587)
4(1543 1548 1568 1563)
4(1562 1563 1568 1567)
4(1327 1462 1482 1298)
4(1296 1298 1482 1481)
4(1296 1326 1327 1298)
4(1637 1336 1327 1657)
4(1656 1657 1327 1326)
4(1636 1637 1657 1656)
4(1612 1617 1637 1632)
4(1631 1632 1637 1636)
4(1611 1612 1632 1631)
4(1587 1592 1612 1607)
4(1606 1607 1612 1611)
4(1586 1587 1607 1606)
4(1562 1567 1587 1582)
4(1581 1582 1587 1586)
4(1296 1481 1501 1297)
4(927 928 1296 1297)
4(1656 1326 1296 1676)
4(930 1676 1296 928)
4(958 1656 1676 930)
4(1631 1636 1656 1651)
4(959 1651 1656 958)
4(960 1631 1651 959)
4(1606 1611 1631 1626)
4(940 1626 1631 960)
4(942 1606 1626 940)
4(1581 1586 1606 1601)
4(941 1601 1606 942)
4(1424 1425 1445 1444)
4(1444 1445 1450 1449)
4(1443 1444 1464 1463)
4(1444 1449 1469 1464)
4(1463 1464 1469 1468)
4(1462 1463 1483 1482)
4(1463 1468 1488 1483)
4(1482 1483 1488 1487)
4(1481 1482 1502 1501)
4(1482 1487 1507 1502)
4(1449 1450 1470 1469)
4(1469 1470 1475 1474)
4(1468 1469 1489 1488)
4(1469 1474 1494 1489)
4(1488 1489 1494 1493)
4(1487 1488 1508 1507)
4(1488 1493 1513 1508)
4(1474 1475 1495 1494)
4(1494 1495 1500 1499)
4(1493 1494 1514 1513)
4(1494 1499 1519 1514)
4(1308 1309 1445 1444)
4(1309 1308 1310 1311)
4(1619 1620 1311 1310)
4(1599 1600 1620 1619)
4(1594 1595 1600 1599)
4(1574 1575 1595 1594)
4(1569 1570 1575 1574)
4(1549 1550 1570 1569)
4(1544 1545 1550 1549)
4(1308 1444 1464 1306)
4(1328 1306 1464 1463)
4(1306 1328 1329 1308)
4(1619 1310 1308 1639)
4(1638 1639 1308 1329)
4(1618 1619 1639 1638)
4(1594 1599 1619 1614)
4(1613 1614 1619 1618)
4(1593 1594 1614 1613)
4(1569 1574 1594 1589)
4(1588 1589 1594 1593)
4(1568 1569 1589 1588)
4(1544 1549 1569 1564)
4(1563 1564 1569 1568)
4(1328 1463 1483 1300)
4(1298 1300 1483 1482)
4(1298 1327 1328 1300)
4(1638 1329 1328 1658)
4(1657 1658 1328 1327)
4(1637 1638 1658 1657)
4(1613 1618 1638 1633)
4(1632 1633 1638 1637)
4(1612 1613 1633 1632)
4(1588 1593 1613 1608)
4(1607 1608 1613 1612)
4(1587 1588 1608 1607)
4(1563 1568 1588 1583)
4(1582 1583 1588 1587)
4(1298 1482 1502 1299)
4(1297 1296 1298 1299)
4(1657 1327 1298 1677)
4(1676 1677 1298 1296)
4(1656 1657 1677 1676)
4(1632 1637 1657 1652)
4(1651 1652 1657 1656)
4(1631 1632 1652 1651)
4(1607 1612 1632 1627)
4(1626 1627 1632 1631)
4(1606 1607 1627 1626)
4(1582 1587 1607 1602)
4(1601 1602 1607 1606)
4(1676 1296 1297 1696)
4(930 1676 1696 929)
4(1651 1656 1676 1671)
4(932 1671 1676 930)
4(959 1651 1671 932)
4(1626 1631 1651 1646)
4(938 1646 1651 959)
4(940 1626 1646 938)
4(1601 1606 1626 1621)
4(939 1621 1626 940)
4(1444 1445 1465 1464)
4(1464 1465 1470 1469)
4(1463 1464 1484 1483)
4(1464 1469 1489 1484)
4(1483 1484 1489 1488)
4(1482 1483 1503 1502)
4(1483 1488 1508 1503)
4(1469 1470 1490 1489)
4(1489 1490 1495 1494)
4(1488 1489 1509 1508)
4(1489 1494 1514 1509)
4(1494 1495 1515 1514)
4(1306 1307 1465 1464)
4(1307 1306 1308 1309)
4(1639 1640 1309 1308)
4(1619 1620 1640 1639)
4(1614 1615 1620 1619)
4(1594 1595 1615 1614)
4(1589 1590 1595 1594)
4(1569 1570 1590 1589)
4(1564 1565 1570 1569)
4(1306 1464 1484 1302)
4(1300 1302 1484 1483)
4(1300 1328 1306 1302)
4(1639 1308 1306 1659)
4(1658 1659 1306 1328)
4(1638 1639 1659 1658)
4(1614 1619 1639 1634)
4(1633 1634 1639 1638)
4(1613 1614 1634 1633)
4(1589 1594 1614 1609)
4(1608 1609 1614 1613)
4(1588 1589 1609 1608)
4(1564 1569 1589 1584)
4(1583 1584 1589 1588)
4(1300 1483 1503 1301)
4(1299 1298 1300 1301)
4(1658 1328 1300 1678)
4(1677 1678 1300 1298)
4(1657 1658 1678 1677)
4(1633 1638 1658 1653)
4(1652 1653 1658 1657)
4(1632 1633 1653 1652)
4(1608 1613 1633 1628)
4(1627 1628 1633 1632)
4(1607 1608 1628 1627)
4(1583 1588 1608 1603)
4(1602 1603 1608 1607)
4(1677 1298 1299 1697)
4(1676 1677 1697 1696)
4(1652 1657 1677 1672)
4(1671 1672 1677 1676)
4(1651 1652 1672 1671)
4(1627 1632 1652 1647)
4(1646 1647 1652 1651)
4(1626 1627 1647 1646)
4(1602 1607 1627 1622)
4(1621 1622 1627 1626)
4(1671 1676 1696 1691)
4(932 1671 1691 931)
4(1646 1651 1671 1666)
4(934 1666 1671 932)
4(938 1646 1666 934)
4(1621 1626 1646 1641)
4(937 1641 1646 938)
4(1464 1465 1485 1484)
4(1484 1485 1490 1489)
4(1483 1484 1504 1503)
4(1484 1489 1509 1504)
4(1489 1490 1510 1509)
4(1302 1304 1485 1484)
4(1304 1302 1306 1307)
4(1659 1660 1307 1306)
4(1639 1640 1660 1659)
4(1634 1635 1640 1639)
4(1614 1615 1635 1634)
4(1609 1610 1615 1614)
4(1589 1590 1610 1609)
4(1584 1585 1590 1589)
4(1302 1484 1504 1303)
4(1301 1300 1302 1303)
4(1659 1306 1302 1679)
4(1678 1679 1302 1300)
4(1658 1659 1679 1678)
4(1634 1639 1659 1654)
4(1653 1654 1659 1658)
4(1633 1634 1654 1653)
4(1609 1614 1634 1629)
4(1628 1629 1634 1633)
4(1608 1609 1629 1628)
4(1584 1589 1609 1604)
4(1603 1604 1609 1608)
4(1678 1300 1301 1698)
4(1677 1678 1698 1697)
4(1653 1658 1678 1673)
4(1672 1673 1678 1677)
4(1652 1653 1673 1672)
4(1628 1633 1653 1648)
4(1647 1648 1653 1652)
4(1627 1628 1648 1647)
4(1603 1608 1628 1623)
4(1622 1623 1628 1627)
4(1672 1677 1697 1692)
4(1671 1672 1692 1691)
4(1647 1652 1672 1667)
4(1666 1667 1672 1671)
4(1646 1647 1667 1666)
4(1622 1627 1647 1642)
4(1641 1642 1647 1646)
4(1666 1671 1691 1686)
4(934 1666 1686 933)
4(1641 1646 1666 1661)
4(936 1661 1666 934)
4(1484 1485 1505 1504)
4(1303 1302 1304 1305)
4(1679 1680 1304 1302)
4(1659 1660 1680 1679)
4(1654 1655 1660 1659)
4(1634 1635 1655 1654)
4(1629 1630 1635 1634)
4(1609 1610 1630 1629)
4(1604 1605 1610 1609)
4(1679 1302 1303 1699)
4(1678 1679 1699 1698)
4(1654 1659 1679 1674)
4(1673 1674 1679 1678)
4(1653 1654 1674 1673)
4(1629 1634 1654 1649)
4(1648 1649 1654 1653)
4(1628 1629 1649 1648)
4(1604 1609 1629 1624)
4(1623 1624 1629 1628)
4(1673 1678 1698 1693)
4(1672 1673 1693 1692)
4(1648 1653 1673 1668)
4(1667 1668 1673 1672)
4(1647 1648 1668 1667)
4(1623 1628 1648 1643)
4(1642 1643 1648 1647)
4(1667 1672 1692 1687)
4(1666 1667 1687 1686)
4(1642 1647 1667 1662)
4(1661 1662 1667 1666)
4(1661 1666 1686 1681)
4(1679 1680 1700 1699)
4(1674 1675 1680 1679)
4(1654 1655 1675 1674)
4(1649 1650 1655 1654)
4(1629 1630 1650 1649)
4(1624 1625 1630 1629)
4(1674 1679 1699 1694)
4(1673 1674 1694 1693)
4(1649 1654 1674 1669)
4(1668 1669 1674 1673)
4(1648 1649 1669 1668)
4(1624 1629 1649 1644)
4(1643 1644 1649 1648)
4(1668 1673 1693 1688)
4(1667 1668 1688 1687)
4(1643 1648 1668 1663)
4(1662 1663 1668 1667)
4(1662 1667 1687 1682)
4(1674 1675 1695 1694)
4(1669 1670 1675 1674)
4(1649 1650 1670 1669)
4(1644 1645 1650 1649)
4(1669 1674 1694 1689)
4(1668 1669 1689 1688)
4(1644 1649 1669 1664)
4(1663 1664 1669 1668)
4(1663 1668 1688 1683)
4(1669 1670 1690 1689)
4(1664 1665 1670 1669)
4(1664 1669 1689 1684)
4(125 123 370 354)
4(123 121 386 370)
4(121 119 402 386)
4(119 117 418 402)
4(117 115 434 418)
4(115 113 450 434)
4(113 112 466 450)
4(112 111 482 466)
4(354 370 371 355)
4(370 386 387 371)
4(386 402 403 387)
4(402 418 419 403)
4(418 434 435 419)
4(434 450 451 435)
4(450 466 467 451)
4(466 482 483 467)
4(355 371 372 356)
4(371 387 388 372)
4(387 403 404 388)
4(403 419 420 404)
4(419 435 436 420)
4(435 451 452 436)
4(451 467 468 452)
4(467 483 484 468)
4(356 372 373 357)
4(372 388 389 373)
4(388 404 405 389)
4(404 420 421 405)
4(420 436 437 421)
4(436 452 453 437)
4(452 468 469 453)
4(468 484 485 469)
4(357 373 17 16)
4(373 389 18 17)
4(389 405 20 18)
4(405 421 22 20)
4(421 437 24 22)
4(437 453 26 24)
4(453 469 28 26)
4(469 485 30 28)
4(726 746 747 727)
4(746 766 767 747)
4(766 786 787 767)
4(786 806 807 787)
4(806 826 827 807)
4(826 846 847 827)
4(846 866 867 847)
4(866 886 887 867)
4(727 747 748 728)
4(747 767 768 748)
4(767 787 788 768)
4(787 807 808 788)
4(807 827 828 808)
4(827 847 848 828)
4(847 867 868 848)
4(867 887 888 868)
4(728 748 749 729)
4(748 768 769 749)
4(768 788 789 769)
4(788 808 809 789)
4(808 828 829 809)
4(828 848 849 829)
4(848 868 869 849)
4(868 888 889 869)
4(729 749 750 730)
4(749 769 770 750)
4(769 789 790 770)
4(789 809 810 790)
4(809 829 830 810)
4(829 849 850 830)
4(849 869 870 850)
4(869 889 890 870)
4(730 750 123 125)
4(750 770 121 123)
4(770 790 119 121)
4(790 810 117 119)
4(810 830 115 117)
4(830 850 113 115)
4(850 870 112 113)
4(870 890 111 112)
4(16 17 1180 1164)
4(17 18 1196 1180)
4(18 20 1212 1196)
4(20 22 1228 1212)
4(22 24 1244 1228)
4(24 26 1260 1244)
4(26 28 1276 1260)
4(28 30 1292 1276)
4(1164 1180 1181 1165)
4(1180 1196 1197 1181)
4(1196 1212 1213 1197)
4(1212 1228 1229 1213)
4(1228 1244 1245 1229)
4(1244 1260 1261 1245)
4(1260 1276 1277 1261)
4(1276 1292 1293 1277)
4(1165 1181 1182 1166)
4(1181 1197 1198 1182)
4(1197 1213 1214 1198)
4(1213 1229 1230 1214)
4(1229 1245 1246 1230)
4(1245 1261 1262 1246)
4(1261 1277 1278 1262)
4(1277 1293 1294 1278)
4(1166 1182 1183 1167)
4(1182 1198 1199 1183)
4(1198 1214 1215 1199)
4(1214 1230 1231 1215)
4(1230 1246 1247 1231)
4(1246 1262 1263 1247)
4(1262 1278 1279 1263)
4(1278 1294 1295 1279)
4(1167 1183 908 907)
4(1183 1199 909 908)
4(1199 1215 911 909)
4(1215 1231 913 911)
4(1231 1247 915 913)
4(1247 1263 917 915)
4(1263 1279 919 917)
4(1279 1295 921 919)
4(907 908 1376 1356)
4(908 909 1396 1376)
4(909 911 1416 1396)
4(911 913 1436 1416)
4(913 915 1456 1436)
4(915 917 1476 1456)
4(917 919 1496 1476)
4(919 921 1516 1496)
4(1356 1376 1377 1357)
4(1376 1396 1397 1377)
4(1396 1416 1417 1397)
4(1416 1436 1437 1417)
4(1436 1456 1457 1437)
4(1456 1476 1477 1457)
4(1476 1496 1497 1477)
4(1496 1516 1517 1497)
4(1357 1377 1378 1358)
4(1377 1397 1398 1378)
4(1397 1417 1418 1398)
4(1417 1437 1438 1418)
4(1437 1457 1458 1438)
4(1457 1477 1478 1458)
4(1477 1497 1498 1478)
4(1497 1517 1518 1498)
4(1358 1378 1379 1359)
4(1378 1398 1399 1379)
4(1398 1418 1419 1399)
4(1418 1438 1439 1419)
4(1438 1458 1459 1439)
4(1458 1478 1479 1459)
4(1478 1498 1499 1479)
4(1498 1518 1519 1499)
4(1359 1379 1380 1360)
4(1379 1399 1400 1380)
4(1399 1419 1420 1400)
4(1419 1439 1440 1420)
4(1439 1459 1460 1440)
4(1459 1479 1480 1460)
4(1479 1499 1500 1480)
4(1499 1519 1520 1500)
4(81 198 214 82)
4(82 214 230 85)
4(85 230 246 87)
4(87 246 262 89)
4(89 262 278 91)
4(91 278 294 93)
4(93 294 310 95)
4(95 310 326 97)
4(198 199 215 214)
4(214 215 231 230)
4(230 231 247 246)
4(246 247 263 262)
4(262 263 279 278)
4(278 279 295 294)
4(294 295 311 310)
4(310 311 327 326)
4(199 200 216 215)
4(215 216 232 231)
4(231 232 248 247)
4(247 248 264 263)
4(263 264 280 279)
4(279 280 296 295)
4(295 296 312 311)
4(311 312 328 327)
4(200 201 217 216)
4(216 217 233 232)
4(232 233 249 248)
4(248 249 265 264)
4(264 265 281 280)
4(280 281 297 296)
4(296 297 313 312)
4(312 313 329 328)
4(201 0 3 217)
4(217 3 54 233)
4(233 54 52 249)
4(249 52 50 265)
4(265 50 48 281)
4(281 48 46 297)
4(297 46 45 313)
4(313 45 44 329)
4(531 532 552 551)
4(551 552 572 571)
4(571 572 592 591)
4(591 592 612 611)
4(611 612 632 631)
4(631 632 652 651)
4(651 652 672 671)
4(671 672 692 691)
4(532 533 553 552)
4(552 553 573 572)
4(572 573 593 592)
4(592 593 613 612)
4(612 613 633 632)
4(632 633 653 652)
4(652 653 673 672)
4(672 673 693 692)
4(533 534 554 553)
4(553 554 574 573)
4(573 574 594 593)
4(593 594 614 613)
4(613 614 634 633)
4(633 634 654 653)
4(653 654 674 673)
4(673 674 694 693)
4(534 535 555 554)
4(554 555 575 574)
4(574 575 595 594)
4(594 595 615 614)
4(614 615 635 634)
4(634 635 655 654)
4(654 655 675 674)
4(674 675 695 694)
4(535 81 82 555)
4(555 82 85 575)
4(575 85 87 595)
4(595 87 89 615)
4(615 89 91 635)
4(635 91 93 655)
4(655 93 95 675)
4(675 95 97 695)
4(0 1008 1024 3)
4(3 1024 1040 54)
4(54 1040 1056 52)
4(52 1056 1072 50)
4(50 1072 1088 48)
4(48 1088 1104 46)
4(46 1104 1120 45)
4(45 1120 1136 44)
4(1008 1009 1025 1024)
4(1024 1025 1041 1040)
4(1040 1041 1057 1056)
4(1056 1057 1073 1072)
4(1072 1073 1089 1088)
4(1088 1089 1105 1104)
4(1104 1105 1121 1120)
4(1120 1121 1137 1136)
4(1009 1010 1026 1025)
4(1025 1026 1042 1041)
4(1041 1042 1058 1057)
4(1057 1058 1074 1073)
4(1073 1074 1090 1089)
4(1089 1090 1106 1105)
4(1105 1106 1122 1121)
4(1121 1122 1138 1137)
4(1010 1011 1027 1026)
4(1026 1027 1043 1042)
4(1042 1043 1059 1058)
4(1058 1059 1075 1074)
4(1074 1075 1091 1090)
4(1090 1091 1107 1106)
4(1106 1107 1123 1122)
4(1122 1123 1139 1138)
4(1011 891 894 1027)
4(1027 894 945 1043)
4(1043 945 943 1059)
4(1059 943 941 1075)
4(1075 941 939 1091)
4(1091 939 937 1107)
4(1107 937 936 1123)
4(1123 936 935 1139)
4(891 1521 1541 894)
4(894 1541 1561 945)
4(945 1561 1581 943)
4(943 1581 1601 941)
4(941 1601 1621 939)
4(939 1621 1641 937)
4(937 1641 1661 936)
4(936 1661 1681 935)
4(1521 1522 1542 1541)
4(1541 1542 1562 1561)
4(1561 1562 1582 1581)
4(1581 1582 1602 1601)
4(1601 1602 1622 1621)
4(1621 1622 1642 1641)
4(1641 1642 1662 1661)
4(1661 1662 1682 1681)
4(1522 1523 1543 1542)
4(1542 1543 1563 1562)
4(1562 1563 1583 1582)
4(1582 1583 1603 1602)
4(1602 1603 1623 1622)
4(1622 1623 1643 1642)
4(1642 1643 1663 1662)
4(1662 1663 1683 1682)
4(1523 1524 1544 1543)
4(1543 1544 1564 1563)
4(1563 1564 1584 1583)
4(1583 1584 1604 1603)
4(1603 1604 1624 1623)
4(1623 1624 1644 1643)
4(1643 1644 1664 1663)
4(1663 1664 1684 1683)
4(1524 1525 1545 1544)
4(1544 1545 1565 1564)
4(1564 1565 1585 1584)
4(1584 1585 1605 1604)
4(1604 1605 1625 1624)
4(1624 1625 1645 1644)
4(1644 1645 1665 1664)
4(1664 1665 1685 1684)
4(531 551 556 536)
4(536 556 561 541)
4(541 561 566 546)
4(546 566 491 490)
4(551 571 576 556)
4(556 576 581 561)
4(561 581 586 566)
4(566 586 492 491)
4(571 591 596 576)
4(576 596 601 581)
4(581 601 606 586)
4(586 606 494 492)
4(591 611 616 596)
4(596 616 621 601)
4(601 621 626 606)
4(606 626 496 494)
4(611 631 636 616)
4(616 636 641 621)
4(621 641 646 626)
4(626 646 498 496)
4(631 651 656 636)
4(636 656 661 641)
4(641 661 666 646)
4(646 666 500 498)
4(651 671 676 656)
4(656 676 681 661)
4(661 681 686 666)
4(666 686 502 500)
4(671 691 696 676)
4(676 696 701 681)
4(681 701 706 686)
4(686 706 504 502)
4(490 491 731 711)
4(711 731 736 716)
4(716 736 741 721)
4(721 741 746 726)
4(491 492 751 731)
4(731 751 756 736)
4(736 756 761 741)
4(741 761 766 746)
4(492 494 771 751)
4(751 771 776 756)
4(756 776 781 761)
4(761 781 786 766)
4(494 496 791 771)
4(771 791 796 776)
4(776 796 801 781)
4(781 801 806 786)
4(496 498 811 791)
4(791 811 816 796)
4(796 816 821 801)
4(801 821 826 806)
4(498 500 831 811)
4(811 831 836 816)
4(816 836 841 821)
4(821 841 846 826)
4(500 502 851 831)
4(831 851 856 836)
4(836 856 861 841)
4(841 861 866 846)
4(502 504 871 851)
4(851 871 876 856)
4(856 876 881 861)
4(861 881 886 866)
4(1319 1345 1365 1317)
4(1345 1350 1370 1365)
4(1350 1355 1375 1370)
4(1355 1360 1380 1375)
4(1317 1365 1385 1315)
4(1365 1370 1390 1385)
4(1370 1375 1395 1390)
4(1375 1380 1400 1395)
4(1315 1385 1405 1313)
4(1385 1390 1410 1405)
4(1390 1395 1415 1410)
4(1395 1400 1420 1415)
4(1313 1405 1425 1311)
4(1405 1410 1430 1425)
4(1410 1415 1435 1430)
4(1415 1420 1440 1435)
4(1311 1425 1445 1309)
4(1425 1430 1450 1445)
4(1430 1435 1455 1450)
4(1435 1440 1460 1455)
4(1309 1445 1465 1307)
4(1445 1450 1470 1465)
4(1450 1455 1475 1470)
4(1455 1460 1480 1475)
4(1307 1465 1485 1304)
4(1465 1470 1490 1485)
4(1470 1475 1495 1490)
4(1475 1480 1500 1495)
4(1304 1485 1505 1305)
4(1485 1490 1510 1505)
4(1490 1495 1515 1510)
4(1495 1500 1520 1515)
4(1525 1530 1550 1545)
4(1530 1535 1555 1550)
4(1535 1540 1560 1555)
4(1540 1319 1317 1560)
4(1545 1550 1570 1565)
4(1550 1555 1575 1570)
4(1555 1560 1580 1575)
4(1560 1317 1315 1580)
4(1565 1570 1590 1585)
4(1570 1575 1595 1590)
4(1575 1580 1600 1595)
4(1580 1315 1313 1600)
4(1585 1590 1610 1605)
4(1590 1595 1615 1610)
4(1595 1600 1620 1615)
4(1600 1313 1311 1620)
4(1605 1610 1630 1625)
4(1610 1615 1635 1630)
4(1615 1620 1640 1635)
4(1620 1311 1309 1640)
4(1625 1630 1650 1645)
4(1630 1635 1655 1650)
4(1635 1640 1660 1655)
4(1640 1309 1307 1660)
4(1645 1650 1670 1665)
4(1650 1655 1675 1670)
4(1655 1660 1680 1675)
4(1660 1307 1304 1680)
4(1665 1670 1690 1685)
4(1670 1675 1695 1690)
4(1675 1680 1700 1695)
4(1680 1304 1305 1700)
4(81 84 202 198)
4(84 135 206 202)
4(135 133 210 206)
4(133 131 181 210)
4(198 202 203 199)
4(202 206 207 203)
4(206 210 211 207)
4(210 181 179 211)
4(199 203 204 200)
4(203 207 208 204)
4(207 211 212 208)
4(211 179 177 212)
4(200 204 205 201)
4(204 208 209 205)
4(208 212 213 209)
4(212 177 176 213)
4(201 205 1 0)
4(205 209 4 1)
4(209 213 6 4)
4(213 176 8 6)
4(131 129 342 181)
4(129 127 346 342)
4(127 126 350 346)
4(126 125 354 350)
4(181 342 343 179)
4(342 346 347 343)
4(346 350 351 347)
4(350 354 355 351)
4(179 343 344 177)
4(343 347 348 344)
4(347 351 352 348)
4(351 355 356 352)
4(177 344 345 176)
4(344 348 349 345)
4(348 352 353 349)
4(352 356 357 353)
4(176 345 10 8)
4(345 349 12 10)
4(349 353 14 12)
4(353 357 16 14)
4(531 536 537 532)
4(536 541 542 537)
4(541 546 547 542)
4(546 490 487 547)
4(532 537 538 533)
4(537 542 543 538)
4(542 547 548 543)
4(547 487 486 548)
4(533 538 539 534)
4(538 543 544 539)
4(543 548 549 544)
4(548 486 514 549)
4(534 539 540 535)
4(539 544 545 540)
4(544 549 550 545)
4(549 514 512 550)
4(535 540 84 81)
4(540 545 135 84)
4(545 550 133 135)
4(550 512 131 133)
4(490 711 712 487)
4(711 716 717 712)
4(716 721 722 717)
4(721 726 727 722)
4(487 712 713 486)
4(712 717 718 713)
4(717 722 723 718)
4(722 727 728 723)
4(486 713 714 514)
4(713 718 719 714)
4(718 723 724 719)
4(723 728 729 724)
4(514 714 715 512)
4(714 719 720 715)
4(719 724 725 720)
4(724 729 730 725)
4(512 715 129 131)
4(715 720 127 129)
4(720 725 126 127)
4(725 730 125 126)
4(0 1 1012 1008)
4(1 4 1016 1012)
4(4 6 1020 1016)
4(6 8 973 1020)
4(1008 1012 1013 1009)
4(1012 1016 1017 1013)
4(1016 1020 1021 1017)
4(1020 973 991 1021)
4(1009 1013 1014 1010)
4(1013 1017 1018 1014)
4(1017 1021 1022 1018)
4(1021 991 989 1022)
4(1010 1014 1015 1011)
4(1014 1018 1019 1015)
4(1018 1022 1023 1019)
4(1022 989 987 1023)
4(1011 1015 892 891)
4(1015 1019 895 892)
4(1019 1023 897 895)
4(1023 987 899 897)
4(8 10 1152 973)
4(10 12 1156 1152)
4(12 14 1160 1156)
4(14 16 1164 1160)
4(973 1152 1153 991)
4(1152 1156 1157 1153)
4(1156 1160 1161 1157)
4(1160 1164 1165 1161)
4(991 1153 1154 989)
4(1153 1157 1158 1154)
4(1157 1161 1162 1158)
4(1161 1165 1166 1162)
4(989 1154 1155 987)
4(1154 1158 1159 1155)
4(1158 1162 1163 1159)
4(1162 1166 1167 1163)
4(987 1155 901 899)
4(1155 1159 903 901)
4(1159 1163 905 903)
4(1163 1167 907 905)
4(899 901 1341 1325)
4(901 903 1346 1341)
4(903 905 1351 1346)
4(905 907 1356 1351)
4(1325 1341 1342 1323)
4(1341 1346 1347 1342)
4(1346 1351 1352 1347)
4(1351 1356 1357 1352)
4(1323 1342 1343 1321)
4(1342 1347 1348 1343)
4(1347 1352 1353 1348)
4(1352 1357 1358 1353)
4(1321 1343 1344 1318)
4(1343 1348 1349 1344)
4(1348 1353 1354 1349)
4(1353 1358 1359 1354)
4(1318 1344 1345 1319)
4(1344 1349 1350 1345)
4(1349 1354 1355 1350)
4(1354 1359 1360 1355)
4(891 892 1526 1521)
4(892 895 1531 1526)
4(895 897 1536 1531)
4(897 899 1325 1536)
4(1521 1526 1527 1522)
4(1526 1531 1532 1527)
4(1531 1536 1537 1532)
4(1536 1325 1323 1537)
4(1522 1527 1528 1523)
4(1527 1532 1533 1528)
4(1532 1537 1538 1533)
4(1537 1323 1321 1538)
4(1523 1528 1529 1524)
4(1528 1533 1534 1529)
4(1533 1538 1539 1534)
4(1538 1321 1318 1539)
4(1524 1529 1530 1525)
4(1529 1534 1535 1530)
4(1534 1539 1540 1535)
4(1539 1318 1319 1540)
4(97 326 330 98)
4(98 330 334 99)
4(99 334 338 101)
4(101 338 162 103)
4(326 327 331 330)
4(330 331 335 334)
4(334 335 339 338)
4(338 339 164 162)
4(327 328 332 331)
4(331 332 336 335)
4(335 336 340 339)
4(339 340 166 164)
4(328 329 333 332)
4(332 333 337 336)
4(336 337 341 340)
4(340 341 168 166)
4(329 44 42 333)
4(333 42 40 337)
4(337 40 38 341)
4(341 38 36 168)
4(103 162 470 105)
4(105 470 474 107)
4(107 474 478 109)
4(109 478 482 111)
4(162 164 471 470)
4(470 471 475 474)
4(474 475 479 478)
4(478 479 483 482)
4(164 166 472 471)
4(471 472 476 475)
4(475 476 480 479)
4(479 480 484 483)
4(166 168 473 472)
4(472 473 477 476)
4(476 477 481 480)
4(480 481 485 484)
4(168 36 34 473)
4(473 34 32 477)
4(477 32 31 481)
4(481 31 30 485)
4(691 692 697 696)
4(696 697 702 701)
4(701 702 707 706)
4(706 707 505 504)
4(692 693 698 697)
4(697 698 703 702)
4(702 703 708 707)
4(707 708 506 505)
4(693 694 699 698)
4(698 699 704 703)
4(703 704 709 708)
4(708 709 508 506)
4(694 695 700 699)
4(699 700 705 704)
4(704 705 710 709)
4(709 710 510 508)
4(695 97 98 700)
4(700 98 99 705)
4(705 99 101 710)
4(710 101 103 510)
4(504 505 872 871)
4(871 872 877 876)
4(876 877 882 881)
4(881 882 887 886)
4(505 506 873 872)
4(872 873 878 877)
4(877 878 883 882)
4(882 883 888 887)
4(506 508 874 873)
4(873 874 879 878)
4(878 879 884 883)
4(883 884 889 888)
4(508 510 875 874)
4(874 875 880 879)
4(879 880 885 884)
4(884 885 890 889)
4(510 103 105 875)
4(875 105 107 880)
4(880 107 109 885)
4(885 109 111 890)
4(44 1136 1140 42)
4(42 1140 1144 40)
4(40 1144 1148 38)
4(38 1148 980 36)
4(1136 1137 1141 1140)
4(1140 1141 1145 1144)
4(1144 1145 1149 1148)
4(1148 1149 981 980)
4(1137 1138 1142 1141)
4(1141 1142 1146 1145)
4(1145 1146 1150 1149)
4(1149 1150 983 981)
4(1138 1139 1143 1142)
4(1142 1143 1147 1146)
4(1146 1147 1151 1150)
4(1150 1151 985 983)
4(1139 935 933 1143)
4(1143 933 931 1147)
4(1147 931 929 1151)
4(1151 929 927 985)
4(36 980 1280 34)
4(34 1280 1284 32)
4(32 1284 1288 31)
4(31 1288 1292 30)
4(980 981 1281 1280)
4(1280 1281 1285 1284)
4(1284 1285 1289 1288)
4(1288 1289 1293 1292)
4(981 983 1282 1281)
4(1281 1282 1286 1285)
4(1285 1286 1290 1289)
4(1289 1290 1294 1293)
4(983 985 1283 1282)
4(1282 1283 1287 1286)
4(1286 1287 1291 1290)
4(1290 1291 1295 1294)
4(985 927 925 1283)
4(1283 925 923 1287)
4(1287 923 922 1291)
4(1291 922 921 1295)
4(927 1297 1501 925)
4(925 1501 1506 923)
4(923 1506 1511 922)
4(922 1511 1516 921)
4(1297 1299 1502 1501)
4(1501 1502 1507 1506)
4(1506 1507 1512 1511)
4(1511 1512 1517 1516)
4(1299 1301 1503 1502)
4(1502 1503 1508 1507)
4(1507 1508 1513 1512)
4(1512 1513 1518 1517)
4(1301 1303 1504 1503)
4(1503 1504 1509 1508)
4(1508 1509 1514 1513)
4(1513 1514 1519 1518)
4(1303 1305 1505 1504)
4(1504 1505 1510 1509)
4(1509 1510 1515 1514)
4(1514 1515 1520 1519)
4(935 1681 1686 933)
4(933 1686 1691 931)
4(931 1691 1696 929)
4(929 1696 1297 927)
4(1681 1682 1687 1686)
4(1686 1687 1692 1691)
4(1691 1692 1697 1696)
4(1696 1697 1299 1297)
4(1682 1683 1688 1687)
4(1687 1688 1693 1692)
4(1692 1693 1698 1697)
4(1697 1698 1301 1299)
4(1683 1684 1689 1688)
4(1688 1689 1694 1693)
4(1693 1694 1699 1698)
4(1698 1699 1303 1301)
4(1684 1685 1690 1689)
4(1689 1690 1695 1694)
4(1694 1695 1700 1699)
4(1699 1700 1305 1303)
)


// ************************************************************************* //
