/*--------------------------------*- C++ -*----------------------------------*\
  =========                 |
  \\      /  F ield         | OpenFOAM: The Open Source CFD Toolbox
   \\    /   O peration     | Website:  https://openfoam.org
    \\  /    A nd           | Version:  12
     \\/     M anipulation  |
\*---------------------------------------------------------------------------*/
FoamFile
{
    format      ascii;
    class       labelList;
    note        "nPoints:1701  nCells:1280  nFaces:4224  nInternalFaces:3456";
    location    "constant/polyMesh";
    object      neighbour;
}
// * * * * * * * * * * * * * * * * * * * * * * * * * * * * * * * * * * * * * //


3456
(
1
2
3
340
4
5
6
5
7
8
355
6
8
9
356
10
11
12
11
13
14
12
14
15
13
16
17
375
14
17
18
376
15
18
19
377
20
21
22
21
23
24
22
24
25
23
26
27
24
27
28
25
28
29
26
30
31
400
27
30
32
401
28
32
33
402
29
33
34
403
35
36
640
35
37
38
36
38
39
37
40
41
38
41
42
39
42
43
40
44
45
41
44
46
42
46
47
43
47
48
44
49
50
430
45
50
51
431
46
49
52
432
47
52
53
433
48
53
54
434
55
56
642
56
57
643
55
58
59
56
59
60
57
60
61
58
62
63
59
62
64
60
64
65
61
65
66
62
67
68
63
68
69
64
67
70
65
70
71
66
71
72
67
73
74
463
68
74
75
464
69
75
76
465
70
73
77
466
71
77
78
467
72
78
79
468
80
81
647
81
82
648
82
83
649
80
84
85
81
84
86
82
86
87
83
87
88
84
89
90
85
90
91
86
89
92
87
92
93
88
93
94
89
95
96
90
96
97
91
97
98
92
95
99
93
99
100
94
100
101
95
102
103
497
96
103
104
498
97
104
105
499
98
105
106
500
99
102
107
501
100
107
108
502
101
108
109
503
110
111
656
110
112
657
112
113
658
113
114
659
110
115
116
111
116
117
112
115
118
113
118
119
114
119
120
115
121
122
116
122
123
117
123
124
118
121
125
119
125
126
120
126
127
121
128
129
122
129
130
123
130
131
124
131
132
125
128
133
126
133
134
127
134
135
128
136
137
530
129
137
138
531
130
138
139
532
131
139
140
533
132
140
534
133
136
141
535
134
141
142
536
135
142
537
143
144
670
144
145
671
143
146
672
146
147
673
147
148
674
143
149
150
144
150
151
145
151
152
146
149
153
147
153
154
148
154
155
149
156
157
150
157
158
151
158
159
152
159
160
153
156
161
154
161
162
155
162
163
156
164
165
157
165
166
158
166
167
159
167
168
160
168
161
164
169
162
169
170
163
170
164
171
172
560
165
172
173
561
166
173
174
562
167
174
175
563
168
175
564
169
171
176
565
170
176
566
177
178
689
178
179
690
179
180
691
177
181
692
181
182
693
182
183
694
177
184
185
178
185
186
179
186
187
180
187
188
181
184
189
182
189
190
183
190
191
184
192
193
185
193
194
186
194
195
187
195
196
188
196
189
192
197
190
197
198
191
198
192
199
200
193
200
201
194
201
202
195
202
203
196
203
197
199
204
198
204
199
205
206
585
200
206
207
586
201
207
208
587
202
208
209
588
203
209
589
204
205
590
210
211
713
211
212
714
212
213
715
213
214
716
210
215
717
215
216
718
216
217
719
210
218
219
211
219
220
212
220
221
213
221
222
214
222
215
218
223
216
223
224
217
224
218
225
226
219
226
227
220
227
228
221
228
229
222
229
223
225
230
224
230
225
231
232
226
232
233
227
233
234
228
234
235
229
235
230
231
231
236
605
232
236
237
606
233
237
238
607
234
238
239
608
235
239
609
240
241
742
241
242
743
242
243
744
243
244
745
244
746
240
245
747
245
246
748
246
749
240
247
248
241
248
249
242
249
250
243
250
251
244
251
245
247
252
246
252
247
253
254
248
254
255
249
255
256
250
256
257
251
257
252
253
253
258
254
258
259
255
259
260
256
260
261
257
261
258
262
620
259
262
263
621
260
263
264
622
261
264
623
265
266
776
266
267
777
267
268
778
268
269
779
269
780
265
270
781
270
782
265
271
272
266
272
273
267
273
274
268
274
275
269
275
270
271
271
276
272
276
277
273
277
278
274
278
279
275
279
276
280
277
280
281
278
281
282
279
282
280
283
630
281
283
284
631
282
284
632
285
286
811
286
287
812
287
288
813
288
289
814
289
815
285
816
285
290
286
290
291
287
291
292
288
292
293
289
293
290
294
291
294
295
292
295
296
293
296
294
297
295
297
298
296
298
297
299
636
298
299
637
300
845
300
301
846
301
302
847
302
303
848
303
849
300
304
301
304
305
302
305
306
303
306
304
307
305
307
308
306
308
307
309
308
309
309
639
310
876
310
311
877
311
312
878
312
879
310
313
311
313
314
312
314
313
315
314
315
315
316
902
316
317
903
317
904
316
318
317
318
318
319
923
319
924
319
939
321
322
323
324
325
326
325
327
328
326
328
329
330
331
332
331
333
334
332
334
335
333
336
337
334
337
338
335
338
339
340
341
342
341
343
344
342
344
345
343
346
347
344
347
348
345
348
349
346
350
351
347
350
352
348
352
353
349
353
354
355
356
355
357
358
356
358
359
357
360
361
358
361
362
359
362
363
360
364
365
361
364
366
362
366
367
363
367
368
364
369
370
365
370
371
366
369
372
367
372
373
368
373
374
375
376
376
377
375
378
379
376
379
380
377
380
381
378
382
383
379
382
384
380
384
385
381
385
386
382
387
388
383
388
389
384
387
390
385
390
391
386
391
392
387
393
394
388
394
395
389
395
396
390
393
397
391
397
398
392
398
399
400
401
401
402
402
403
400
404
405
401
404
406
402
406
407
403
407
408
404
409
410
405
410
411
406
409
412
407
412
413
408
413
414
409
415
416
410
416
417
411
417
418
412
415
419
413
419
420
414
420
421
415
422
423
416
423
424
417
424
425
418
425
426
419
422
427
420
427
428
421
428
429
430
431
430
432
432
433
433
434
430
435
436
431
436
437
432
435
438
433
438
439
434
439
440
435
441
442
436
442
443
437
443
444
438
441
445
439
445
446
440
446
447
441
448
449
442
449
450
443
450
451
444
451
452
445
448
453
446
453
454
447
454
455
448
456
457
449
457
458
450
458
459
451
459
460
452
460
453
456
461
454
461
462
455
462
463
464
464
465
463
466
466
467
467
468
463
469
470
464
470
471
465
471
472
466
469
473
467
473
474
468
474
475
469
476
477
470
477
478
471
478
479
472
479
480
473
476
481
474
481
482
475
482
483
476
484
485
477
485
486
478
486
487
479
487
488
480
488
481
484
489
482
489
490
483
490
484
491
492
485
492
493
486
493
494
487
494
495
488
495
489
491
496
490
496
497
498
498
499
499
500
497
501
501
502
502
503
497
504
505
498
505
506
499
506
507
500
507
508
501
504
509
502
509
510
503
510
511
504
512
513
505
513
514
506
514
515
507
515
516
508
516
509
512
517
510
517
518
511
518
512
519
520
513
520
521
514
521
522
515
522
523
516
523
517
519
524
518
524
519
525
526
520
526
527
521
527
528
522
528
529
523
529
524
525
530
531
531
532
532
533
533
534
530
535
535
536
536
537
530
538
539
531
539
540
532
540
541
533
541
542
534
542
535
538
543
536
543
544
537
544
538
545
546
539
546
547
540
547
548
541
548
549
542
549
543
545
550
544
550
545
551
552
546
552
553
547
553
554
548
554
555
549
555
550
551
551
556
552
556
557
553
557
558
554
558
559
555
559
560
561
561
562
562
563
563
564
564
560
565
565
566
566
560
567
568
561
568
569
562
569
570
563
570
571
564
571
565
567
572
566
572
567
573
574
568
574
575
569
575
576
570
576
577
571
577
572
573
573
578
574
578
579
575
579
580
576
580
581
577
581
578
582
579
582
583
580
583
584
581
584
585
586
586
587
587
588
588
589
589
585
590
590
585
591
592
586
592
593
587
593
594
588
594
595
589
595
590
591
591
596
592
596
597
593
597
598
594
598
599
595
599
596
600
597
600
601
598
601
602
599
602
600
603
601
603
604
602
604
605
606
606
607
607
608
608
609
609
605
605
610
606
610
611
607
611
612
608
612
613
609
613
610
614
611
614
615
612
615
616
613
616
614
617
615
617
618
616
618
617
619
618
619
620
620
621
621
622
622
623
623
620
624
621
624
625
622
625
626
623
626
624
627
625
627
628
626
628
627
629
628
629
629
630
630
631
631
632
632
630
633
631
633
634
632
634
633
635
634
635
635
636
636
637
637
636
638
637
638
638
639
639
639
641
642
643
644
645
646
645
647
648
646
648
649
650
651
652
651
653
654
652
654
655
653
656
657
654
657
658
655
658
659
660
661
662
661
663
664
662
664
665
663
666
667
664
667
668
665
668
669
666
670
671
667
670
672
668
672
673
669
673
674
675
676
1054
675
677
678
676
678
679
677
680
681
678
681
682
679
682
683
680
684
685
681
684
686
682
686
687
683
687
688
684
689
690
685
690
691
686
689
692
687
692
693
688
693
694
695
696
1024
696
697
1088
695
698
699
696
699
700
697
700
701
698
702
703
699
702
704
700
704
705
701
705
706
702
707
708
703
708
709
704
707
710
705
710
711
706
711
712
707
713
714
708
714
715
709
715
716
710
713
717
711
717
718
712
718
719
720
721
1000
721
722
1053
722
723
1124
720
724
725
721
724
726
722
726
727
723
727
728
724
729
730
725
730
731
726
729
732
727
732
733
728
733
734
729
735
736
730
736
737
731
737
738
732
735
739
733
739
740
734
740
741
735
742
743
736
743
744
737
744
745
738
745
746
739
742
747
740
747
748
741
748
749
750
751
982
750
752
1023
752
753
1087
753
754
1160
750
755
756
751
756
757
752
755
758
753
758
759
754
759
760
755
761
762
756
762
763
757
763
764
758
761
765
759
765
766
760
766
767
761
768
769
762
769
770
763
770
771
764
771
772
765
768
773
766
773
774
767
774
775
768
776
777
769
777
778
770
778
779
771
779
780
772
780
773
776
781
774
781
782
775
782
783
784
999
784
785
970
783
786
1052
786
787
1123
787
788
1193
783
789
790
784
790
791
785
791
792
786
789
793
787
793
794
788
794
795
789
796
797
790
797
798
791
798
799
792
799
800
793
796
801
794
801
802
795
802
803
796
804
805
797
805
806
798
806
807
799
807
808
800
808
801
804
809
802
809
810
803
810
804
811
812
805
812
813
806
813
814
807
814
815
808
815
809
811
816
810
816
817
818
1022
818
819
981
819
820
964
817
821
1086
821
822
1159
822
823
1221
817
824
825
818
825
826
819
826
827
820
827
828
821
824
829
822
829
830
823
830
831
824
832
833
825
833
834
826
834
835
827
835
836
828
836
829
832
837
830
837
838
831
838
832
839
840
833
840
841
834
841
842
835
842
843
836
843
837
839
844
838
844
839
845
846
840
846
847
841
847
848
842
848
849
843
849
844
845
850
851
1051
851
852
998
852
853
972
853
854
961
850
855
1122
855
856
1192
856
857
1243
850
858
859
851
859
860
852
860
861
853
861
862
854
862
855
858
863
856
863
864
857
864
858
865
866
859
866
867
860
867
868
861
868
869
862
869
863
865
870
864
870
865
871
872
866
872
873
867
873
874
868
874
875
869
875
870
871
871
876
872
876
877
873
877
878
874
878
879
875
879
880
881
1085
881
882
1021
882
883
985
883
884
966
884
960
880
885
1158
885
886
1220
886
1259
880
887
888
881
888
889
882
889
890
883
890
891
884
891
885
887
892
886
892
887
893
894
888
894
895
889
895
896
890
896
897
891
897
892
893
893
898
894
898
899
895
899
900
896
900
901
897
901
898
902
899
902
903
900
903
904
901
904
905
906
1121
906
907
1050
907
908
1004
908
909
975
909
963
905
910
1191
910
1242
905
911
912
906
912
913
907
913
914
908
914
915
909
915
910
911
911
916
912
916
917
913
917
918
914
918
919
915
919
916
920
917
920
921
918
921
922
919
922
920
923
921
923
924
922
924
925
926
1157
926
927
1084
927
928
1029
928
929
989
929
969
925
1219
925
930
926
930
931
927
931
932
928
932
933
929
933
930
934
931
934
935
932
935
936
933
936
934
937
935
937
938
936
938
937
939
938
939
940
1190
940
941
1120
941
942
1059
942
943
1009
943
979
940
944
941
944
945
942
945
946
943
946
944
947
945
947
948
946
948
947
949
948
949
949
950
1156
950
951
1093
951
952
1034
952
994
950
953
951
953
954
952
954
953
955
954
955
955
956
1129
956
957
1064
957
1014
956
958
957
958
958
959
1098
959
1039
959
1069
961
962
963
964
965
966
965
967
968
966
968
969
970
971
972
971
973
974
972
974
975
973
976
977
974
977
978
975
978
979
980
981
982
980
983
984
981
984
985
983
986
987
984
987
988
985
988
989
986
990
991
987
991
992
988
992
993
989
993
994
995
996
997
996
998
999
997
999
1000
995
1001
1002
996
1002
1003
998
1003
1004
1001
1005
1006
1002
1006
1007
1003
1007
1008
1004
1008
1009
1005
1010
1006
1010
1011
1007
1011
1012
1008
1012
1013
1009
1013
1014
1015
1016
1017
1016
1018
1019
1017
1019
1020
1018
1021
1022
1019
1022
1023
1020
1023
1024
1015
1025
1026
1016
1026
1027
1018
1027
1028
1021
1028
1029
1025
1030
1026
1030
1031
1027
1031
1032
1028
1032
1033
1029
1033
1034
1030
1035
1031
1035
1036
1032
1036
1037
1033
1037
1038
1034
1038
1039
1040
1041
1042
1041
1043
1044
1042
1044
1045
1043
1046
1047
1044
1047
1048
1045
1048
1049
1046
1050
1051
1047
1051
1052
1048
1052
1053
1049
1053
1054
1040
1055
1041
1055
1056
1043
1056
1057
1046
1057
1058
1050
1058
1059
1055
1060
1056
1060
1061
1057
1061
1062
1058
1062
1063
1059
1063
1064
1060
1065
1061
1065
1066
1062
1066
1067
1063
1067
1068
1064
1068
1069
1070
1071
1070
1072
1073
1071
1073
1074
1072
1075
1076
1073
1076
1077
1074
1077
1078
1075
1079
1080
1076
1080
1081
1077
1081
1082
1078
1082
1083
1079
1084
1085
1080
1085
1086
1081
1086
1087
1082
1087
1088
1083
1088
1070
1089
1072
1089
1090
1075
1090
1091
1079
1091
1092
1084
1092
1093
1089
1094
1090
1094
1095
1091
1095
1096
1092
1096
1097
1093
1097
1098
1094
1099
1095
1099
1100
1096
1100
1101
1097
1101
1102
1098
1102
1103
1104
1104
1105
1103
1106
1107
1104
1107
1108
1105
1108
1109
1106
1110
1111
1107
1111
1112
1108
1112
1113
1109
1113
1114
1110
1115
1116
1111
1116
1117
1112
1117
1118
1113
1118
1119
1114
1119
1115
1120
1121
1116
1121
1122
1117
1122
1123
1118
1123
1124
1119
1124
1103
1125
1106
1125
1126
1110
1126
1127
1115
1127
1128
1120
1128
1129
1125
1130
1126
1130
1131
1127
1131
1132
1128
1132
1133
1129
1133
1130
1134
1131
1134
1135
1132
1135
1136
1133
1136
1137
1138
1138
1139
1139
1140
1137
1141
1142
1138
1142
1143
1139
1143
1144
1140
1144
1145
1141
1146
1147
1142
1147
1148
1143
1148
1149
1144
1149
1150
1145
1150
1146
1151
1152
1147
1152
1153
1148
1153
1154
1149
1154
1155
1150
1155
1151
1156
1157
1152
1157
1158
1153
1158
1159
1154
1159
1160
1155
1160
1137
1161
1141
1161
1162
1146
1162
1163
1151
1163
1164
1156
1164
1161
1165
1162
1165
1166
1163
1166
1167
1164
1167
1165
1168
1166
1168
1169
1167
1169
1170
1171
1171
1172
1172
1173
1173
1174
1170
1175
1176
1171
1176
1177
1172
1177
1178
1173
1178
1179
1174
1179
1175
1180
1181
1176
1181
1182
1177
1182
1183
1178
1183
1184
1179
1184
1180
1185
1186
1181
1186
1187
1182
1187
1188
1183
1188
1189
1184
1189
1185
1190
1186
1190
1191
1187
1191
1192
1188
1192
1193
1189
1193
1170
1194
1175
1194
1195
1180
1195
1196
1185
1196
1194
1197
1195
1197
1198
1196
1198
1197
1199
1198
1199
1200
1201
1201
1202
1202
1203
1203
1204
1204
1200
1205
1206
1201
1206
1207
1202
1207
1208
1203
1208
1209
1204
1209
1205
1210
1211
1206
1211
1212
1207
1212
1213
1208
1213
1214
1209
1214
1210
1215
1211
1215
1216
1212
1216
1217
1213
1217
1218
1214
1218
1215
1219
1216
1219
1220
1217
1220
1221
1218
1221
1200
1222
1205
1222
1223
1210
1223
1222
1224
1223
1224
1224
1225
1226
1226
1227
1227
1228
1228
1229
1229
1225
1230
1231
1226
1231
1232
1227
1232
1233
1228
1233
1234
1229
1234
1230
1235
1231
1235
1236
1232
1236
1237
1233
1237
1238
1234
1238
1235
1239
1236
1239
1240
1237
1240
1241
1238
1241
1239
1242
1240
1242
1243
1241
1243
1225
1244
1230
1244
1244
1245
1246
1246
1247
1247
1248
1248
1249
1249
1245
1250
1246
1250
1251
1247
1251
1252
1248
1252
1253
1249
1253
1250
1254
1251
1254
1255
1252
1255
1256
1253
1256
1254
1257
1255
1257
1258
1256
1258
1257
1259
1258
1259
1245
1260
1260
1261
1261
1262
1262
1263
1263
1260
1264
1261
1264
1265
1262
1265
1266
1263
1266
1264
1267
1265
1267
1268
1266
1268
1267
1269
1268
1269
1269
1270
1270
1271
1271
1272
1272
1270
1273
1271
1273
1274
1272
1274
1273
1275
1274
1275
1275
1276
1276
1277
1277
1276
1278
1277
1278
1278
1279
1279
1279
)


// ************************************************************************* //
