/*--------------------------------*- C++ -*----------------------------------*\
  =========                 |
  \\      /  F ield         | OpenFOAM: The Open Source CFD Toolbox
   \\    /   O peration     | Website:  https://openfoam.org
    \\  /    A nd           | Version:  12
     \\/     M anipulation  |
\*---------------------------------------------------------------------------*/
FoamFile
{
    format      ascii;
    class       vectorField;
    location    "constant/polyMesh";
    object      points;
}
// * * * * * * * * * * * * * * * * * * * * * * * * * * * * * * * * * * * * * //


1701
(
(-8.5 -6 -4)
(-8.5 -4.5 -4)
(-8.5 -4.5 -3)
(-8.5 -6 -3)
(-8.5 -3 -4)
(-8.5 -3 -3)
(-8.5 -1.5 -4)
(-8.5 -1.5 -3)
(-8.5 0 -4)
(-8.5 0 -3)
(-8.5 1.5 -4)
(-8.5 1.5 -3)
(-8.5 3 -4)
(-8.5 3 -3)
(-8.5 4.5 -4)
(-8.5 4.5 -3)
(-8.5 6 -4)
(-8.5 6 -3)
(-8.5 6 -2)
(-8.5 4.5 -2)
(-8.5 6 -1)
(-8.5 4.5 -1)
(-8.5 6 0)
(-8.5 4.5 0)
(-8.5 6 1)
(-8.5 4.5 1)
(-8.5 6 2)
(-8.5 4.5 2)
(-8.5 6 3)
(-8.5 4.5 3)
(-8.5 6 4)
(-8.5 4.5 4)
(-8.5 3 4)
(-8.5 3 3)
(-8.5 1.5 4)
(-8.5 1.5 3)
(-8.5 0 4)
(-8.5 0 3)
(-8.5 -1.5 4)
(-8.5 -1.5 3)
(-8.5 -3 4)
(-8.5 -3 3)
(-8.5 -4.5 4)
(-8.5 -4.5 3)
(-8.5 -6 4)
(-8.5 -6 3)
(-8.5 -6 2)
(-8.5 -4.5 2)
(-8.5 -6 1)
(-8.5 -4.5 1)
(-8.5 -6 0)
(-8.5 -4.5 0)
(-8.5 -6 -1)
(-8.5 -4.5 -1)
(-8.5 -6 -2)
(-8.5 -4.5 -2)
(-8.5 -3 -2)
(-8.5 -1.5 -2)
(-8.5 0 -2)
(-8.5 1.5 -2)
(-8.5 3 -2)
(-8.5 3 -1)
(-8.5 3 0)
(-8.5 3 1)
(-8.5 3 2)
(-8.5 1.5 2)
(-8.5 0 2)
(-8.5 -1.5 2)
(-8.5 -3 2)
(-8.5 -3 1)
(-8.5 -3 0)
(-8.5 -3 -1)
(-8.5 -1.5 -1)
(-8.5 0 -1)
(-8.5 1.5 -1)
(-8.5 1.5 0)
(-8.5 1.5 1)
(-8.5 0 1)
(-8.5 -1.5 1)
(-8.5 -1.5 0)
(-8.5 0 0)
(-14.25 -6 -4)
(-14.25 -6 -3)
(-14.25 -4.5 -3)
(-14.25 -4.5 -4)
(-14.25 -6 -2)
(-14.25 -4.5 -2)
(-14.25 -6 -1)
(-14.25 -4.5 -1)
(-14.25 -6 0)
(-14.25 -4.5 0)
(-14.25 -6 1)
(-14.25 -4.5 1)
(-14.25 -6 2)
(-14.25 -4.5 2)
(-14.25 -6 3)
(-14.25 -4.5 3)
(-14.25 -6 4)
(-14.25 -4.5 4)
(-14.25 -3 4)
(-14.25 -3 3)
(-14.25 -1.5 4)
(-14.25 -1.5 3)
(-14.25 0 4)
(-14.25 0 3)
(-14.25 1.5 4)
(-14.25 1.5 3)
(-14.25 3 4)
(-14.25 3 3)
(-14.25 4.5 4)
(-14.25 4.5 3)
(-14.25 6 4)
(-14.25 6 3)
(-14.25 6 2)
(-14.25 4.5 2)
(-14.25 6 1)
(-14.25 4.5 1)
(-14.25 6 0)
(-14.25 4.5 0)
(-14.25 6 -1)
(-14.25 4.5 -1)
(-14.25 6 -2)
(-14.25 4.5 -2)
(-14.25 6 -3)
(-14.25 4.5 -3)
(-14.25 6 -4)
(-14.25 4.5 -4)
(-14.25 3 -4)
(-14.25 3 -3)
(-14.25 1.5 -4)
(-14.25 1.5 -3)
(-14.25 0 -4)
(-14.25 0 -3)
(-14.25 -1.5 -4)
(-14.25 -1.5 -3)
(-14.25 -3 -4)
(-14.25 -3 -3)
(-14.25 -3 -2)
(-14.25 -3 -1)
(-14.25 -3 0)
(-14.25 -3 1)
(-14.25 -3 2)
(-14.25 -1.5 2)
(-14.25 0 2)
(-14.25 1.5 2)
(-14.25 3 2)
(-14.25 3 1)
(-14.25 3 0)
(-14.25 3 -1)
(-14.25 3 -2)
(-14.25 1.5 -2)
(-14.25 0 -2)
(-14.25 -1.5 -2)
(-14.25 -1.5 -1)
(-14.25 -1.5 0)
(-14.25 -1.5 1)
(-14.25 0 1)
(-14.25 1.5 1)
(-14.25 1.5 0)
(-14.25 1.5 -1)
(-14.25 0 -1)
(-14.25 0 0)
(-13.1 0 4)
(-13.1 0 3)
(-11.95 0 4)
(-11.95 0 3)
(-10.8 0 4)
(-10.8 0 3)
(-9.65 7.40149e-17 4)
(-9.65 7.40149e-17 3)
(-9.65 7.40149e-17 2)
(-9.65 7.40149e-17 1)
(-9.65 7.40149e-17 0)
(-9.65 7.40149e-17 -1)
(-9.65 7.40149e-17 -2)
(-9.65 7.40149e-17 -3)
(-9.65 7.40149e-17 -4)
(-10.8 0 -4)
(-10.8 0 -3)
(-11.95 0 -4)
(-11.95 0 -3)
(-13.1 0 -4)
(-13.1 0 -3)
(-13.1 0 2)
(-11.95 0 2)
(-10.8 0 2)
(-10.8 0 1)
(-10.8 0 0)
(-10.8 0 -1)
(-10.8 0 -2)
(-11.95 0 -2)
(-13.1 0 -2)
(-13.1 0 1)
(-11.95 0 1)
(-11.95 0 0)
(-11.95 0 -1)
(-13.1 0 -1)
(-13.1 0 0)
(-13.1 -6 -4)
(-11.95 -6 -4)
(-10.8 -6 -4)
(-9.65 -6 -4)
(-13.1 -4.5 -4)
(-11.95 -4.5 -4)
(-10.8 -4.5 -4)
(-9.65 -4.5 -4)
(-13.1 -3 -4)
(-11.95 -3 -4)
(-10.8 -3 -4)
(-9.65 -3 -4)
(-13.1 -1.5 -4)
(-11.95 -1.5 -4)
(-10.8 -1.5 -4)
(-9.65 -1.5 -4)
(-13.1 -6 -3)
(-11.95 -6 -3)
(-10.8 -6 -3)
(-9.65 -6 -3)
(-13.1 -4.5 -3)
(-11.95 -4.5 -3)
(-10.8 -4.5 -3)
(-9.65 -4.5 -3)
(-13.1 -3 -3)
(-11.95 -3 -3)
(-10.8 -3 -3)
(-9.65 -3 -3)
(-13.1 -1.5 -3)
(-11.95 -1.5 -3)
(-10.8 -1.5 -3)
(-9.65 -1.5 -3)
(-13.1 -6 -2)
(-11.95 -6 -2)
(-10.8 -6 -2)
(-9.65 -6 -2)
(-13.1 -4.5 -2)
(-11.95 -4.5 -2)
(-10.8 -4.5 -2)
(-9.65 -4.5 -2)
(-13.1 -3 -2)
(-11.95 -3 -2)
(-10.8 -3 -2)
(-9.65 -3 -2)
(-13.1 -1.5 -2)
(-11.95 -1.5 -2)
(-10.8 -1.5 -2)
(-9.65 -1.5 -2)
(-13.1 -6 -1)
(-11.95 -6 -1)
(-10.8 -6 -1)
(-9.65 -6 -1)
(-13.1 -4.5 -1)
(-11.95 -4.5 -1)
(-10.8 -4.5 -1)
(-9.65 -4.5 -1)
(-13.1 -3 -1)
(-11.95 -3 -1)
(-10.8 -3 -1)
(-9.65 -3 -1)
(-13.1 -1.5 -1)
(-11.95 -1.5 -1)
(-10.8 -1.5 -1)
(-9.65 -1.5 -1)
(-13.1 -6 0)
(-11.95 -6 0)
(-10.8 -6 0)
(-9.65 -6 0)
(-13.1 -4.5 0)
(-11.95 -4.5 0)
(-10.8 -4.5 0)
(-9.65 -4.5 0)
(-13.1 -3 0)
(-11.95 -3 0)
(-10.8 -3 0)
(-9.65 -3 0)
(-13.1 -1.5 0)
(-11.95 -1.5 0)
(-10.8 -1.5 0)
(-9.65 -1.5 0)
(-13.1 -6 1)
(-11.95 -6 1)
(-10.8 -6 1)
(-9.65 -6 1)
(-13.1 -4.5 1)
(-11.95 -4.5 1)
(-10.8 -4.5 1)
(-9.65 -4.5 1)
(-13.1 -3 1)
(-11.95 -3 1)
(-10.8 -3 1)
(-9.65 -3 1)
(-13.1 -1.5 1)
(-11.95 -1.5 1)
(-10.8 -1.5 1)
(-9.65 -1.5 1)
(-13.1 -6 2)
(-11.95 -6 2)
(-10.8 -6 2)
(-9.65 -6 2)
(-13.1 -4.5 2)
(-11.95 -4.5 2)
(-10.8 -4.5 2)
(-9.65 -4.5 2)
(-13.1 -3 2)
(-11.95 -3 2)
(-10.8 -3 2)
(-9.65 -3 2)
(-13.1 -1.5 2)
(-11.95 -1.5 2)
(-10.8 -1.5 2)
(-9.65 -1.5 2)
(-13.1 -6 3)
(-11.95 -6 3)
(-10.8 -6 3)
(-9.65 -6 3)
(-13.1 -4.5 3)
(-11.95 -4.5 3)
(-10.8 -4.5 3)
(-9.65 -4.5 3)
(-13.1 -3 3)
(-11.95 -3 3)
(-10.8 -3 3)
(-9.65 -3 3)
(-13.1 -1.5 3)
(-11.95 -1.5 3)
(-10.8 -1.5 3)
(-9.65 -1.5 3)
(-13.1 -6 4)
(-11.95 -6 4)
(-10.8 -6 4)
(-9.65 -6 4)
(-13.1 -4.5 4)
(-11.95 -4.5 4)
(-10.8 -4.5 4)
(-9.65 -4.5 4)
(-13.1 -3 4)
(-11.95 -3 4)
(-10.8 -3 4)
(-9.65 -3 4)
(-13.1 -1.5 4)
(-11.95 -1.5 4)
(-10.8 -1.5 4)
(-9.65 -1.5 4)
(-13.1 1.5 -4)
(-11.95 1.5 -4)
(-10.8 1.5 -4)
(-9.65 1.5 -4)
(-13.1 3 -4)
(-11.95 3 -4)
(-10.8 3 -4)
(-9.65 3 -4)
(-13.1 4.5 -4)
(-11.95 4.5 -4)
(-10.8 4.5 -4)
(-9.65 4.5 -4)
(-13.1 6 -4)
(-11.95 6 -4)
(-10.8 6 -4)
(-9.65 6 -4)
(-13.1 1.5 -3)
(-11.95 1.5 -3)
(-10.8 1.5 -3)
(-9.65 1.5 -3)
(-13.1 3 -3)
(-11.95 3 -3)
(-10.8 3 -3)
(-9.65 3 -3)
(-13.1 4.5 -3)
(-11.95 4.5 -3)
(-10.8 4.5 -3)
(-9.65 4.5 -3)
(-13.1 6 -3)
(-11.95 6 -3)
(-10.8 6 -3)
(-9.65 6 -3)
(-13.1 1.5 -2)
(-11.95 1.5 -2)
(-10.8 1.5 -2)
(-9.65 1.5 -2)
(-13.1 3 -2)
(-11.95 3 -2)
(-10.8 3 -2)
(-9.65 3 -2)
(-13.1 4.5 -2)
(-11.95 4.5 -2)
(-10.8 4.5 -2)
(-9.65 4.5 -2)
(-13.1 6 -2)
(-11.95 6 -2)
(-10.8 6 -2)
(-9.65 6 -2)
(-13.1 1.5 -1)
(-11.95 1.5 -1)
(-10.8 1.5 -1)
(-9.65 1.5 -1)
(-13.1 3 -1)
(-11.95 3 -1)
(-10.8 3 -1)
(-9.65 3 -1)
(-13.1 4.5 -1)
(-11.95 4.5 -1)
(-10.8 4.5 -1)
(-9.65 4.5 -1)
(-13.1 6 -1)
(-11.95 6 -1)
(-10.8 6 -1)
(-9.65 6 -1)
(-13.1 1.5 0)
(-11.95 1.5 0)
(-10.8 1.5 0)
(-9.65 1.5 0)
(-13.1 3 0)
(-11.95 3 0)
(-10.8 3 0)
(-9.65 3 0)
(-13.1 4.5 0)
(-11.95 4.5 0)
(-10.8 4.5 0)
(-9.65 4.5 0)
(-13.1 6 0)
(-11.95 6 0)
(-10.8 6 0)
(-9.65 6 0)
(-13.1 1.5 1)
(-11.95 1.5 1)
(-10.8 1.5 1)
(-9.65 1.5 1)
(-13.1 3 1)
(-11.95 3 1)
(-10.8 3 1)
(-9.65 3 1)
(-13.1 4.5 1)
(-11.95 4.5 1)
(-10.8 4.5 1)
(-9.65 4.5 1)
(-13.1 6 1)
(-11.95 6 1)
(-10.8 6 1)
(-9.65 6 1)
(-13.1 1.5 2)
(-11.95 1.5 2)
(-10.8 1.5 2)
(-9.65 1.5 2)
(-13.1 3 2)
(-11.95 3 2)
(-10.8 3 2)
(-9.65 3 2)
(-13.1 4.5 2)
(-11.95 4.5 2)
(-10.8 4.5 2)
(-9.65 4.5 2)
(-13.1 6 2)
(-11.95 6 2)
(-10.8 6 2)
(-9.65 6 2)
(-13.1 1.5 3)
(-11.95 1.5 3)
(-10.8 1.5 3)
(-9.65 1.5 3)
(-13.1 3 3)
(-11.95 3 3)
(-10.8 3 3)
(-9.65 3 3)
(-13.1 4.5 3)
(-11.95 4.5 3)
(-10.8 4.5 3)
(-9.65 4.5 3)
(-13.1 6 3)
(-11.95 6 3)
(-10.8 6 3)
(-9.65 6 3)
(-13.1 1.5 4)
(-11.95 1.5 4)
(-10.8 1.5 4)
(-9.65 1.5 4)
(-13.1 3 4)
(-11.95 3 4)
(-10.8 3 4)
(-9.65 3 4)
(-13.1 4.5 4)
(-11.95 4.5 4)
(-10.8 4.5 4)
(-9.65 4.5 4)
(-13.1 6 4)
(-11.95 6 4)
(-10.8 6 4)
(-9.65 6 4)
(-17.7 0 -4)
(-18.85 0 -4)
(-18.85 0 -3)
(-17.7 0 -3)
(-20 0 -4)
(-20 0 -3)
(-20 0 -2)
(-18.85 0 -2)
(-20 0 -1)
(-18.85 0 -1)
(-20 0 0)
(-18.85 0 0)
(-20 0 1)
(-18.85 0 1)
(-20 0 2)
(-18.85 0 2)
(-20 0 3)
(-18.85 0 3)
(-20 0 4)
(-18.85 0 4)
(-17.7 0 4)
(-17.7 0 3)
(-16.55 0 4)
(-16.55 0 3)
(-15.4 0 4)
(-15.4 0 3)
(-15.4 0 -4)
(-15.4 0 -3)
(-16.55 0 -4)
(-16.55 0 -3)
(-17.7 0 -2)
(-16.55 0 -2)
(-17.7 0 -1)
(-17.7 0 0)
(-17.7 0 1)
(-17.7 0 2)
(-16.55 0 2)
(-15.4 0 2)
(-15.4 0 -2)
(-16.55 0 -1)
(-15.4 0 -1)
(-16.55 0 0)
(-16.55 0 1)
(-15.4 0 1)
(-15.4 0 0)
(-20 -6 -4)
(-18.85 -6 -4)
(-17.7 -6 -4)
(-16.55 -6 -4)
(-15.4 -6 -4)
(-20 -4.5 -4)
(-18.85 -4.5 -4)
(-17.7 -4.5 -4)
(-16.55 -4.5 -4)
(-15.4 -4.5 -4)
(-20 -3 -4)
(-18.85 -3 -4)
(-17.7 -3 -4)
(-16.55 -3 -4)
(-15.4 -3 -4)
(-20 -1.5 -4)
(-18.85 -1.5 -4)
(-17.7 -1.5 -4)
(-16.55 -1.5 -4)
(-15.4 -1.5 -4)
(-20 -6 -3)
(-18.85 -6 -3)
(-17.7 -6 -3)
(-16.55 -6 -3)
(-15.4 -6 -3)
(-20 -4.5 -3)
(-18.85 -4.5 -3)
(-17.7 -4.5 -3)
(-16.55 -4.5 -3)
(-15.4 -4.5 -3)
(-20 -3 -3)
(-18.85 -3 -3)
(-17.7 -3 -3)
(-16.55 -3 -3)
(-15.4 -3 -3)
(-20 -1.5 -3)
(-18.85 -1.5 -3)
(-17.7 -1.5 -3)
(-16.55 -1.5 -3)
(-15.4 -1.5 -3)
(-20 -6 -2)
(-18.85 -6 -2)
(-17.7 -6 -2)
(-16.55 -6 -2)
(-15.4 -6 -2)
(-20 -4.5 -2)
(-18.85 -4.5 -2)
(-17.7 -4.5 -2)
(-16.55 -4.5 -2)
(-15.4 -4.5 -2)
(-20 -3 -2)
(-18.85 -3 -2)
(-17.7 -3 -2)
(-16.55 -3 -2)
(-15.4 -3 -2)
(-20 -1.5 -2)
(-18.85 -1.5 -2)
(-17.7 -1.5 -2)
(-16.55 -1.5 -2)
(-15.4 -1.5 -2)
(-20 -6 -1)
(-18.85 -6 -1)
(-17.7 -6 -1)
(-16.55 -6 -1)
(-15.4 -6 -1)
(-20 -4.5 -1)
(-18.85 -4.5 -1)
(-17.7 -4.5 -1)
(-16.55 -4.5 -1)
(-15.4 -4.5 -1)
(-20 -3 -1)
(-18.85 -3 -1)
(-17.7 -3 -1)
(-16.55 -3 -1)
(-15.4 -3 -1)
(-20 -1.5 -1)
(-18.85 -1.5 -1)
(-17.7 -1.5 -1)
(-16.55 -1.5 -1)
(-15.4 -1.5 -1)
(-20 -6 0)
(-18.85 -6 0)
(-17.7 -6 0)
(-16.55 -6 0)
(-15.4 -6 0)
(-20 -4.5 0)
(-18.85 -4.5 0)
(-17.7 -4.5 0)
(-16.55 -4.5 0)
(-15.4 -4.5 0)
(-20 -3 0)
(-18.85 -3 0)
(-17.7 -3 0)
(-16.55 -3 0)
(-15.4 -3 0)
(-20 -1.5 0)
(-18.85 -1.5 0)
(-17.7 -1.5 0)
(-16.55 -1.5 0)
(-15.4 -1.5 0)
(-20 -6 1)
(-18.85 -6 1)
(-17.7 -6 1)
(-16.55 -6 1)
(-15.4 -6 1)
(-20 -4.5 1)
(-18.85 -4.5 1)
(-17.7 -4.5 1)
(-16.55 -4.5 1)
(-15.4 -4.5 1)
(-20 -3 1)
(-18.85 -3 1)
(-17.7 -3 1)
(-16.55 -3 1)
(-15.4 -3 1)
(-20 -1.5 1)
(-18.85 -1.5 1)
(-17.7 -1.5 1)
(-16.55 -1.5 1)
(-15.4 -1.5 1)
(-20 -6 2)
(-18.85 -6 2)
(-17.7 -6 2)
(-16.55 -6 2)
(-15.4 -6 2)
(-20 -4.5 2)
(-18.85 -4.5 2)
(-17.7 -4.5 2)
(-16.55 -4.5 2)
(-15.4 -4.5 2)
(-20 -3 2)
(-18.85 -3 2)
(-17.7 -3 2)
(-16.55 -3 2)
(-15.4 -3 2)
(-20 -1.5 2)
(-18.85 -1.5 2)
(-17.7 -1.5 2)
(-16.55 -1.5 2)
(-15.4 -1.5 2)
(-20 -6 3)
(-18.85 -6 3)
(-17.7 -6 3)
(-16.55 -6 3)
(-15.4 -6 3)
(-20 -4.5 3)
(-18.85 -4.5 3)
(-17.7 -4.5 3)
(-16.55 -4.5 3)
(-15.4 -4.5 3)
(-20 -3 3)
(-18.85 -3 3)
(-17.7 -3 3)
(-16.55 -3 3)
(-15.4 -3 3)
(-20 -1.5 3)
(-18.85 -1.5 3)
(-17.7 -1.5 3)
(-16.55 -1.5 3)
(-15.4 -1.5 3)
(-20 -6 4)
(-18.85 -6 4)
(-17.7 -6 4)
(-16.55 -6 4)
(-15.4 -6 4)
(-20 -4.5 4)
(-18.85 -4.5 4)
(-17.7 -4.5 4)
(-16.55 -4.5 4)
(-15.4 -4.5 4)
(-20 -3 4)
(-18.85 -3 4)
(-17.7 -3 4)
(-16.55 -3 4)
(-15.4 -3 4)
(-20 -1.5 4)
(-18.85 -1.5 4)
(-17.7 -1.5 4)
(-16.55 -1.5 4)
(-15.4 -1.5 4)
(-20 1.5 -4)
(-18.85 1.5 -4)
(-17.7 1.5 -4)
(-16.55 1.5 -4)
(-15.4 1.5 -4)
(-20 3 -4)
(-18.85 3 -4)
(-17.7 3 -4)
(-16.55 3 -4)
(-15.4 3 -4)
(-20 4.5 -4)
(-18.85 4.5 -4)
(-17.7 4.5 -4)
(-16.55 4.5 -4)
(-15.4 4.5 -4)
(-20 6 -4)
(-18.85 6 -4)
(-17.7 6 -4)
(-16.55 6 -4)
(-15.4 6 -4)
(-20 1.5 -3)
(-18.85 1.5 -3)
(-17.7 1.5 -3)
(-16.55 1.5 -3)
(-15.4 1.5 -3)
(-20 3 -3)
(-18.85 3 -3)
(-17.7 3 -3)
(-16.55 3 -3)
(-15.4 3 -3)
(-20 4.5 -3)
(-18.85 4.5 -3)
(-17.7 4.5 -3)
(-16.55 4.5 -3)
(-15.4 4.5 -3)
(-20 6 -3)
(-18.85 6 -3)
(-17.7 6 -3)
(-16.55 6 -3)
(-15.4 6 -3)
(-20 1.5 -2)
(-18.85 1.5 -2)
(-17.7 1.5 -2)
(-16.55 1.5 -2)
(-15.4 1.5 -2)
(-20 3 -2)
(-18.85 3 -2)
(-17.7 3 -2)
(-16.55 3 -2)
(-15.4 3 -2)
(-20 4.5 -2)
(-18.85 4.5 -2)
(-17.7 4.5 -2)
(-16.55 4.5 -2)
(-15.4 4.5 -2)
(-20 6 -2)
(-18.85 6 -2)
(-17.7 6 -2)
(-16.55 6 -2)
(-15.4 6 -2)
(-20 1.5 -1)
(-18.85 1.5 -1)
(-17.7 1.5 -1)
(-16.55 1.5 -1)
(-15.4 1.5 -1)
(-20 3 -1)
(-18.85 3 -1)
(-17.7 3 -1)
(-16.55 3 -1)
(-15.4 3 -1)
(-20 4.5 -1)
(-18.85 4.5 -1)
(-17.7 4.5 -1)
(-16.55 4.5 -1)
(-15.4 4.5 -1)
(-20 6 -1)
(-18.85 6 -1)
(-17.7 6 -1)
(-16.55 6 -1)
(-15.4 6 -1)
(-20 1.5 0)
(-18.85 1.5 0)
(-17.7 1.5 0)
(-16.55 1.5 0)
(-15.4 1.5 0)
(-20 3 0)
(-18.85 3 0)
(-17.7 3 0)
(-16.55 3 0)
(-15.4 3 0)
(-20 4.5 0)
(-18.85 4.5 0)
(-17.7 4.5 0)
(-16.55 4.5 0)
(-15.4 4.5 0)
(-20 6 0)
(-18.85 6 0)
(-17.7 6 0)
(-16.55 6 0)
(-15.4 6 0)
(-20 1.5 1)
(-18.85 1.5 1)
(-17.7 1.5 1)
(-16.55 1.5 1)
(-15.4 1.5 1)
(-20 3 1)
(-18.85 3 1)
(-17.7 3 1)
(-16.55 3 1)
(-15.4 3 1)
(-20 4.5 1)
(-18.85 4.5 1)
(-17.7 4.5 1)
(-16.55 4.5 1)
(-15.4 4.5 1)
(-20 6 1)
(-18.85 6 1)
(-17.7 6 1)
(-16.55 6 1)
(-15.4 6 1)
(-20 1.5 2)
(-18.85 1.5 2)
(-17.7 1.5 2)
(-16.55 1.5 2)
(-15.4 1.5 2)
(-20 3 2)
(-18.85 3 2)
(-17.7 3 2)
(-16.55 3 2)
(-15.4 3 2)
(-20 4.5 2)
(-18.85 4.5 2)
(-17.7 4.5 2)
(-16.55 4.5 2)
(-15.4 4.5 2)
(-20 6 2)
(-18.85 6 2)
(-17.7 6 2)
(-16.55 6 2)
(-15.4 6 2)
(-20 1.5 3)
(-18.85 1.5 3)
(-17.7 1.5 3)
(-16.55 1.5 3)
(-15.4 1.5 3)
(-20 3 3)
(-18.85 3 3)
(-17.7 3 3)
(-16.55 3 3)
(-15.4 3 3)
(-20 4.5 3)
(-18.85 4.5 3)
(-17.7 4.5 3)
(-16.55 4.5 3)
(-15.4 4.5 3)
(-20 6 3)
(-18.85 6 3)
(-17.7 6 3)
(-16.55 6 3)
(-15.4 6 3)
(-20 1.5 4)
(-18.85 1.5 4)
(-17.7 1.5 4)
(-16.55 1.5 4)
(-15.4 1.5 4)
(-20 3 4)
(-18.85 3 4)
(-17.7 3 4)
(-16.55 3 4)
(-15.4 3 4)
(-20 4.5 4)
(-18.85 4.5 4)
(-17.7 4.5 4)
(-16.55 4.5 4)
(-15.4 4.5 4)
(-20 6 4)
(-18.85 6 4)
(-17.7 6 4)
(-16.55 6 4)
(-15.4 6 4)
(-2.75 -6 -4)
(-2.75 -4.5 -4)
(-2.75 -4.5 -3)
(-2.75 -6 -3)
(-2.75 -3 -4)
(-2.75 -3 -3)
(-2.75 -1.5 -4)
(-2.75 -1.5 -3)
(-2.75 0 -4)
(-2.75 0 -3)
(-2.75 1.5 -4)
(-2.75 1.5 -3)
(-2.75 3 -4)
(-2.75 3 -3)
(-2.75 4.5 -4)
(-2.75 4.5 -3)
(-2.75 6 -4)
(-2.75 6 -3)
(-2.75 6 -2)
(-2.75 4.5 -2)
(-2.75 6 -1)
(-2.75 4.5 -1)
(-2.75 6 0)
(-2.75 4.5 0)
(-2.75 6 1)
(-2.75 4.5 1)
(-2.75 6 2)
(-2.75 4.5 2)
(-2.75 6 3)
(-2.75 4.5 3)
(-2.75 6 4)
(-2.75 4.5 4)
(-2.75 3 4)
(-2.75 3 3)
(-2.75 1.5 4)
(-2.75 1.5 3)
(-2.75 0 4)
(-2.75 0 3)
(-2.75 -1.5 4)
(-2.75 -1.5 3)
(-2.75 -3 4)
(-2.75 -3 3)
(-2.75 -4.5 4)
(-2.75 -4.5 3)
(-2.75 -6 4)
(-2.75 -6 3)
(-2.75 -6 2)
(-2.75 -4.5 2)
(-2.75 -6 1)
(-2.75 -4.5 1)
(-2.75 -6 0)
(-2.75 -4.5 0)
(-2.75 -6 -1)
(-2.75 -4.5 -1)
(-2.75 -6 -2)
(-2.75 -4.5 -2)
(-2.75 -3 -2)
(-2.75 -1.5 -2)
(-2.75 0 -2)
(-2.75 1.5 -2)
(-2.75 3 -2)
(-2.75 3 -1)
(-2.75 3 0)
(-2.75 3 1)
(-2.75 3 2)
(-2.75 1.5 2)
(-2.75 0 2)
(-2.75 -1.5 2)
(-2.75 -3 2)
(-2.75 -3 1)
(-2.75 -3 0)
(-2.75 -3 -1)
(-2.75 -1.5 -1)
(-2.75 0 -1)
(-2.75 1.5 -1)
(-2.75 1.5 0)
(-2.75 1.5 1)
(-2.75 0 1)
(-2.75 -1.5 1)
(-2.75 -1.5 0)
(-2.75 0 0)
(-7.35 0 -3)
(-7.35 0 -4)
(-7.35 0 -2)
(-7.35 0 -1)
(-7.35 0 0)
(-7.35 0 1)
(-7.35 0 2)
(-7.35 0 3)
(-7.35 0 4)
(-6.2 0 4)
(-6.2 0 3)
(-5.05 0 4)
(-5.05 0 3)
(-3.9 -7.40149e-17 4)
(-3.9 -7.40149e-17 3)
(-3.9 -7.40149e-17 -4)
(-3.9 -7.40149e-17 -3)
(-5.05 0 -4)
(-5.05 0 -3)
(-6.2 0 -4)
(-6.2 0 -3)
(-6.2 0 -2)
(-6.2 0 -1)
(-6.2 0 0)
(-6.2 0 1)
(-6.2 0 2)
(-5.05 0 2)
(-3.9 -7.40149e-17 2)
(-3.9 -7.40149e-17 -2)
(-5.05 0 -2)
(-5.05 0 -1)
(-5.05 0 0)
(-5.05 0 1)
(-3.9 -7.40149e-17 1)
(-3.9 -7.40149e-17 -1)
(-3.9 -7.40149e-17 0)
(-7.35 -6 -4)
(-6.2 -6 -4)
(-5.05 -6 -4)
(-3.9 -6 -4)
(-7.35 -4.5 -4)
(-6.2 -4.5 -4)
(-5.05 -4.5 -4)
(-3.9 -4.5 -4)
(-7.35 -3 -4)
(-6.2 -3 -4)
(-5.05 -3 -4)
(-3.9 -3 -4)
(-7.35 -1.5 -4)
(-6.2 -1.5 -4)
(-5.05 -1.5 -4)
(-3.9 -1.5 -4)
(-7.35 -6 -3)
(-6.2 -6 -3)
(-5.05 -6 -3)
(-3.9 -6 -3)
(-7.35 -4.5 -3)
(-6.2 -4.5 -3)
(-5.05 -4.5 -3)
(-3.9 -4.5 -3)
(-7.35 -3 -3)
(-6.2 -3 -3)
(-5.05 -3 -3)
(-3.9 -3 -3)
(-7.35 -1.5 -3)
(-6.2 -1.5 -3)
(-5.05 -1.5 -3)
(-3.9 -1.5 -3)
(-7.35 -6 -2)
(-6.2 -6 -2)
(-5.05 -6 -2)
(-3.9 -6 -2)
(-7.35 -4.5 -2)
(-6.2 -4.5 -2)
(-5.05 -4.5 -2)
(-3.9 -4.5 -2)
(-7.35 -3 -2)
(-6.2 -3 -2)
(-5.05 -3 -2)
(-3.9 -3 -2)
(-7.35 -1.5 -2)
(-6.2 -1.5 -2)
(-5.05 -1.5 -2)
(-3.9 -1.5 -2)
(-7.35 -6 -1)
(-6.2 -6 -1)
(-5.05 -6 -1)
(-3.9 -6 -1)
(-7.35 -4.5 -1)
(-6.2 -4.5 -1)
(-5.05 -4.5 -1)
(-3.9 -4.5 -1)
(-7.35 -3 -1)
(-6.2 -3 -1)
(-5.05 -3 -1)
(-3.9 -3 -1)
(-7.35 -1.5 -1)
(-6.2 -1.5 -1)
(-5.05 -1.5 -1)
(-3.9 -1.5 -1)
(-7.35 -6 0)
(-6.2 -6 0)
(-5.05 -6 0)
(-3.9 -6 0)
(-7.35 -4.5 0)
(-6.2 -4.5 0)
(-5.05 -4.5 0)
(-3.9 -4.5 0)
(-7.35 -3 0)
(-6.2 -3 0)
(-5.05 -3 0)
(-3.9 -3 0)
(-7.35 -1.5 0)
(-6.2 -1.5 0)
(-5.05 -1.5 0)
(-3.9 -1.5 0)
(-7.35 -6 1)
(-6.2 -6 1)
(-5.05 -6 1)
(-3.9 -6 1)
(-7.35 -4.5 1)
(-6.2 -4.5 1)
(-5.05 -4.5 1)
(-3.9 -4.5 1)
(-7.35 -3 1)
(-6.2 -3 1)
(-5.05 -3 1)
(-3.9 -3 1)
(-7.35 -1.5 1)
(-6.2 -1.5 1)
(-5.05 -1.5 1)
(-3.9 -1.5 1)
(-7.35 -6 2)
(-6.2 -6 2)
(-5.05 -6 2)
(-3.9 -6 2)
(-7.35 -4.5 2)
(-6.2 -4.5 2)
(-5.05 -4.5 2)
(-3.9 -4.5 2)
(-7.35 -3 2)
(-6.2 -3 2)
(-5.05 -3 2)
(-3.9 -3 2)
(-7.35 -1.5 2)
(-6.2 -1.5 2)
(-5.05 -1.5 2)
(-3.9 -1.5 2)
(-7.35 -6 3)
(-6.2 -6 3)
(-5.05 -6 3)
(-3.9 -6 3)
(-7.35 -4.5 3)
(-6.2 -4.5 3)
(-5.05 -4.5 3)
(-3.9 -4.5 3)
(-7.35 -3 3)
(-6.2 -3 3)
(-5.05 -3 3)
(-3.9 -3 3)
(-7.35 -1.5 3)
(-6.2 -1.5 3)
(-5.05 -1.5 3)
(-3.9 -1.5 3)
(-7.35 -6 4)
(-6.2 -6 4)
(-5.05 -6 4)
(-3.9 -6 4)
(-7.35 -4.5 4)
(-6.2 -4.5 4)
(-5.05 -4.5 4)
(-3.9 -4.5 4)
(-7.35 -3 4)
(-6.2 -3 4)
(-5.05 -3 4)
(-3.9 -3 4)
(-7.35 -1.5 4)
(-6.2 -1.5 4)
(-5.05 -1.5 4)
(-3.9 -1.5 4)
(-7.35 1.5 -4)
(-6.2 1.5 -4)
(-5.05 1.5 -4)
(-3.9 1.5 -4)
(-7.35 3 -4)
(-6.2 3 -4)
(-5.05 3 -4)
(-3.9 3 -4)
(-7.35 4.5 -4)
(-6.2 4.5 -4)
(-5.05 4.5 -4)
(-3.9 4.5 -4)
(-7.35 6 -4)
(-6.2 6 -4)
(-5.05 6 -4)
(-3.9 6 -4)
(-7.35 1.5 -3)
(-6.2 1.5 -3)
(-5.05 1.5 -3)
(-3.9 1.5 -3)
(-7.35 3 -3)
(-6.2 3 -3)
(-5.05 3 -3)
(-3.9 3 -3)
(-7.35 4.5 -3)
(-6.2 4.5 -3)
(-5.05 4.5 -3)
(-3.9 4.5 -3)
(-7.35 6 -3)
(-6.2 6 -3)
(-5.05 6 -3)
(-3.9 6 -3)
(-7.35 1.5 -2)
(-6.2 1.5 -2)
(-5.05 1.5 -2)
(-3.9 1.5 -2)
(-7.35 3 -2)
(-6.2 3 -2)
(-5.05 3 -2)
(-3.9 3 -2)
(-7.35 4.5 -2)
(-6.2 4.5 -2)
(-5.05 4.5 -2)
(-3.9 4.5 -2)
(-7.35 6 -2)
(-6.2 6 -2)
(-5.05 6 -2)
(-3.9 6 -2)
(-7.35 1.5 -1)
(-6.2 1.5 -1)
(-5.05 1.5 -1)
(-3.9 1.5 -1)
(-7.35 3 -1)
(-6.2 3 -1)
(-5.05 3 -1)
(-3.9 3 -1)
(-7.35 4.5 -1)
(-6.2 4.5 -1)
(-5.05 4.5 -1)
(-3.9 4.5 -1)
(-7.35 6 -1)
(-6.2 6 -1)
(-5.05 6 -1)
(-3.9 6 -1)
(-7.35 1.5 0)
(-6.2 1.5 0)
(-5.05 1.5 0)
(-3.9 1.5 0)
(-7.35 3 0)
(-6.2 3 0)
(-5.05 3 0)
(-3.9 3 0)
(-7.35 4.5 0)
(-6.2 4.5 0)
(-5.05 4.5 0)
(-3.9 4.5 0)
(-7.35 6 0)
(-6.2 6 0)
(-5.05 6 0)
(-3.9 6 0)
(-7.35 1.5 1)
(-6.2 1.5 1)
(-5.05 1.5 1)
(-3.9 1.5 1)
(-7.35 3 1)
(-6.2 3 1)
(-5.05 3 1)
(-3.9 3 1)
(-7.35 4.5 1)
(-6.2 4.5 1)
(-5.05 4.5 1)
(-3.9 4.5 1)
(-7.35 6 1)
(-6.2 6 1)
(-5.05 6 1)
(-3.9 6 1)
(-7.35 1.5 2)
(-6.2 1.5 2)
(-5.05 1.5 2)
(-3.9 1.5 2)
(-7.35 3 2)
(-6.2 3 2)
(-5.05 3 2)
(-3.9 3 2)
(-7.35 4.5 2)
(-6.2 4.5 2)
(-5.05 4.5 2)
(-3.9 4.5 2)
(-7.35 6 2)
(-6.2 6 2)
(-5.05 6 2)
(-3.9 6 2)
(-7.35 1.5 3)
(-6.2 1.5 3)
(-5.05 1.5 3)
(-3.9 1.5 3)
(-7.35 3 3)
(-6.2 3 3)
(-5.05 3 3)
(-3.9 3 3)
(-7.35 4.5 3)
(-6.2 4.5 3)
(-5.05 4.5 3)
(-3.9 4.5 3)
(-7.35 6 3)
(-6.2 6 3)
(-5.05 6 3)
(-3.9 6 3)
(-7.35 1.5 4)
(-6.2 1.5 4)
(-5.05 1.5 4)
(-3.9 1.5 4)
(-7.35 3 4)
(-6.2 3 4)
(-5.05 3 4)
(-3.9 3 4)
(-7.35 4.5 4)
(-6.2 4.5 4)
(-5.05 4.5 4)
(-3.9 4.5 4)
(-7.35 6 4)
(-6.2 6 4)
(-5.05 6 4)
(-3.9 6 4)
(-1.6 7.40149e-17 3)
(-1.6 7.40149e-17 4)
(-0.45 -3.70074e-17 3)
(-0.45 -3.70074e-17 4)
(0.7 3.70074e-17 3)
(0.7 3.70074e-17 4)
(1.85 -7.40149e-17 3)
(1.85 -7.40149e-17 4)
(3 0 3)
(3 0 4)
(1.85 -7.40149e-17 2)
(3 0 2)
(1.85 -7.40149e-17 1)
(3 0 1)
(1.85 -7.40149e-17 0)
(3 0 0)
(1.85 -7.40149e-17 -1)
(3 0 -1)
(1.85 -7.40149e-17 -2)
(3 0 -2)
(1.85 -7.40149e-17 -3)
(3 0 -3)
(1.85 -7.40149e-17 -4)
(3 0 -4)
(0.7 3.70074e-17 -3)
(0.7 3.70074e-17 -4)
(-0.45 -3.70074e-17 -3)
(-0.45 -3.70074e-17 -4)
(-1.6 7.40149e-17 -3)
(-1.6 7.40149e-17 -4)
(-1.6 7.40149e-17 2)
(-0.45 -3.70074e-17 2)
(0.7 3.70074e-17 2)
(0.7 3.70074e-17 1)
(0.7 3.70074e-17 0)
(0.7 3.70074e-17 -1)
(0.7 3.70074e-17 -2)
(-0.45 -3.70074e-17 -2)
(-1.6 7.40149e-17 -2)
(-1.6 7.40149e-17 1)
(-0.45 -3.70074e-17 1)
(-0.45 -3.70074e-17 0)
(-0.45 -3.70074e-17 -1)
(-1.6 7.40149e-17 -1)
(-1.6 7.40149e-17 0)
(-1.6 1.5 -4)
(-0.45 1.5 -4)
(0.7 1.5 -4)
(1.85 1.5 -4)
(3 1.5 -4)
(-1.6 3 -4)
(-0.45 3 -4)
(0.7 3 -4)
(1.85 3 -4)
(3 3 -4)
(-1.6 4.5 -4)
(-0.45 4.5 -4)
(0.7 4.5 -4)
(1.85 4.5 -4)
(3 4.5 -4)
(-1.6 6 -4)
(-0.45 6 -4)
(0.7 6 -4)
(1.85 6 -4)
(3 6 -4)
(-1.6 1.5 -3)
(-0.45 1.5 -3)
(0.7 1.5 -3)
(1.85 1.5 -3)
(3 1.5 -3)
(-1.6 3 -3)
(-0.45 3 -3)
(0.7 3 -3)
(1.85 3 -3)
(3 3 -3)
(-1.6 4.5 -3)
(-0.45 4.5 -3)
(0.7 4.5 -3)
(1.85 4.5 -3)
(3 4.5 -3)
(-1.6 6 -3)
(-0.45 6 -3)
(0.7 6 -3)
(1.85 6 -3)
(3 6 -3)
(-1.6 1.5 -2)
(-0.45 1.5 -2)
(0.7 1.5 -2)
(1.85 1.5 -2)
(3 1.5 -2)
(-1.6 3 -2)
(-0.45 3 -2)
(0.7 3 -2)
(1.85 3 -2)
(3 3 -2)
(-1.6 4.5 -2)
(-0.45 4.5 -2)
(0.7 4.5 -2)
(1.85 4.5 -2)
(3 4.5 -2)
(-1.6 6 -2)
(-0.45 6 -2)
(0.7 6 -2)
(1.85 6 -2)
(3 6 -2)
(-1.6 1.5 -1)
(-0.45 1.5 -1)
(0.7 1.5 -1)
(1.85 1.5 -1)
(3 1.5 -1)
(-1.6 3 -1)
(-0.45 3 -1)
(0.7 3 -1)
(1.85 3 -1)
(3 3 -1)
(-1.6 4.5 -1)
(-0.45 4.5 -1)
(0.7 4.5 -1)
(1.85 4.5 -1)
(3 4.5 -1)
(-1.6 6 -1)
(-0.45 6 -1)
(0.7 6 -1)
(1.85 6 -1)
(3 6 -1)
(-1.6 1.5 0)
(-0.45 1.5 0)
(0.7 1.5 0)
(1.85 1.5 0)
(3 1.5 0)
(-1.6 3 0)
(-0.45 3 0)
(0.7 3 0)
(1.85 3 0)
(3 3 0)
(-1.6 4.5 0)
(-0.45 4.5 0)
(0.7 4.5 0)
(1.85 4.5 0)
(3 4.5 0)
(-1.6 6 0)
(-0.45 6 0)
(0.7 6 0)
(1.85 6 0)
(3 6 0)
(-1.6 1.5 1)
(-0.45 1.5 1)
(0.7 1.5 1)
(1.85 1.5 1)
(3 1.5 1)
(-1.6 3 1)
(-0.45 3 1)
(0.7 3 1)
(1.85 3 1)
(3 3 1)
(-1.6 4.5 1)
(-0.45 4.5 1)
(0.7 4.5 1)
(1.85 4.5 1)
(3 4.5 1)
(-1.6 6 1)
(-0.45 6 1)
(0.7 6 1)
(1.85 6 1)
(3 6 1)
(-1.6 1.5 2)
(-0.45 1.5 2)
(0.7 1.5 2)
(1.85 1.5 2)
(3 1.5 2)
(-1.6 3 2)
(-0.45 3 2)
(0.7 3 2)
(1.85 3 2)
(3 3 2)
(-1.6 4.5 2)
(-0.45 4.5 2)
(0.7 4.5 2)
(1.85 4.5 2)
(3 4.5 2)
(-1.6 6 2)
(-0.45 6 2)
(0.7 6 2)
(1.85 6 2)
(3 6 2)
(-1.6 1.5 3)
(-0.45 1.5 3)
(0.7 1.5 3)
(1.85 1.5 3)
(3 1.5 3)
(-1.6 3 3)
(-0.45 3 3)
(0.7 3 3)
(1.85 3 3)
(3 3 3)
(-1.6 4.5 3)
(-0.45 4.5 3)
(0.7 4.5 3)
(1.85 4.5 3)
(3 4.5 3)
(-1.6 6 3)
(-0.45 6 3)
(0.7 6 3)
(1.85 6 3)
(3 6 3)
(-1.6 1.5 4)
(-0.45 1.5 4)
(0.7 1.5 4)
(1.85 1.5 4)
(3 1.5 4)
(-1.6 3 4)
(-0.45 3 4)
(0.7 3 4)
(1.85 3 4)
(3 3 4)
(-1.6 4.5 4)
(-0.45 4.5 4)
(0.7 4.5 4)
(1.85 4.5 4)
(3 4.5 4)
(-1.6 6 4)
(-0.45 6 4)
(0.7 6 4)
(1.85 6 4)
(3 6 4)
(-1.6 -6 -4)
(-0.45 -6 -4)
(0.7 -6 -4)
(1.85 -6 -4)
(3 -6 -4)
(-1.6 -4.5 -4)
(-0.45 -4.5 -4)
(0.7 -4.5 -4)
(1.85 -4.5 -4)
(3 -4.5 -4)
(-1.6 -3 -4)
(-0.45 -3 -4)
(0.7 -3 -4)
(1.85 -3 -4)
(3 -3 -4)
(-1.6 -1.5 -4)
(-0.45 -1.5 -4)
(0.7 -1.5 -4)
(1.85 -1.5 -4)
(3 -1.5 -4)
(-1.6 -6 -3)
(-0.45 -6 -3)
(0.7 -6 -3)
(1.85 -6 -3)
(3 -6 -3)
(-1.6 -4.5 -3)
(-0.45 -4.5 -3)
(0.7 -4.5 -3)
(1.85 -4.5 -3)
(3 -4.5 -3)
(-1.6 -3 -3)
(-0.45 -3 -3)
(0.7 -3 -3)
(1.85 -3 -3)
(3 -3 -3)
(-1.6 -1.5 -3)
(-0.45 -1.5 -3)
(0.7 -1.5 -3)
(1.85 -1.5 -3)
(3 -1.5 -3)
(-1.6 -6 -2)
(-0.45 -6 -2)
(0.7 -6 -2)
(1.85 -6 -2)
(3 -6 -2)
(-1.6 -4.5 -2)
(-0.45 -4.5 -2)
(0.7 -4.5 -2)
(1.85 -4.5 -2)
(3 -4.5 -2)
(-1.6 -3 -2)
(-0.45 -3 -2)
(0.7 -3 -2)
(1.85 -3 -2)
(3 -3 -2)
(-1.6 -1.5 -2)
(-0.45 -1.5 -2)
(0.7 -1.5 -2)
(1.85 -1.5 -2)
(3 -1.5 -2)
(-1.6 -6 -1)
(-0.45 -6 -1)
(0.7 -6 -1)
(1.85 -6 -1)
(3 -6 -1)
(-1.6 -4.5 -1)
(-0.45 -4.5 -1)
(0.7 -4.5 -1)
(1.85 -4.5 -1)
(3 -4.5 -1)
(-1.6 -3 -1)
(-0.45 -3 -1)
(0.7 -3 -1)
(1.85 -3 -1)
(3 -3 -1)
(-1.6 -1.5 -1)
(-0.45 -1.5 -1)
(0.7 -1.5 -1)
(1.85 -1.5 -1)
(3 -1.5 -1)
(-1.6 -6 0)
(-0.45 -6 0)
(0.7 -6 0)
(1.85 -6 0)
(3 -6 0)
(-1.6 -4.5 0)
(-0.45 -4.5 0)
(0.7 -4.5 0)
(1.85 -4.5 0)
(3 -4.5 0)
(-1.6 -3 0)
(-0.45 -3 0)
(0.7 -3 0)
(1.85 -3 0)
(3 -3 0)
(-1.6 -1.5 0)
(-0.45 -1.5 0)
(0.7 -1.5 0)
(1.85 -1.5 0)
(3 -1.5 0)
(-1.6 -6 1)
(-0.45 -6 1)
(0.7 -6 1)
(1.85 -6 1)
(3 -6 1)
(-1.6 -4.5 1)
(-0.45 -4.5 1)
(0.7 -4.5 1)
(1.85 -4.5 1)
(3 -4.5 1)
(-1.6 -3 1)
(-0.45 -3 1)
(0.7 -3 1)
(1.85 -3 1)
(3 -3 1)
(-1.6 -1.5 1)
(-0.45 -1.5 1)
(0.7 -1.5 1)
(1.85 -1.5 1)
(3 -1.5 1)
(-1.6 -6 2)
(-0.45 -6 2)
(0.7 -6 2)
(1.85 -6 2)
(3 -6 2)
(-1.6 -4.5 2)
(-0.45 -4.5 2)
(0.7 -4.5 2)
(1.85 -4.5 2)
(3 -4.5 2)
(-1.6 -3 2)
(-0.45 -3 2)
(0.7 -3 2)
(1.85 -3 2)
(3 -3 2)
(-1.6 -1.5 2)
(-0.45 -1.5 2)
(0.7 -1.5 2)
(1.85 -1.5 2)
(3 -1.5 2)
(-1.6 -6 3)
(-0.45 -6 3)
(0.7 -6 3)
(1.85 -6 3)
(3 -6 3)
(-1.6 -4.5 3)
(-0.45 -4.5 3)
(0.7 -4.5 3)
(1.85 -4.5 3)
(3 -4.5 3)
(-1.6 -3 3)
(-0.45 -3 3)
(0.7 -3 3)
(1.85 -3 3)
(3 -3 3)
(-1.6 -1.5 3)
(-0.45 -1.5 3)
(0.7 -1.5 3)
(1.85 -1.5 3)
(3 -1.5 3)
(-1.6 -6 4)
(-0.45 -6 4)
(0.7 -6 4)
(1.85 -6 4)
(3 -6 4)
(-1.6 -4.5 4)
(-0.45 -4.5 4)
(0.7 -4.5 4)
(1.85 -4.5 4)
(3 -4.5 4)
(-1.6 -3 4)
(-0.45 -3 4)
(0.7 -3 4)
(1.85 -3 4)
(3 -3 4)
(-1.6 -1.5 4)
(-0.45 -1.5 4)
(0.7 -1.5 4)
(1.85 -1.5 4)
(3 -1.5 4)
)


// ************************************************************************* //
